freq,mag,phase
6.0,0.9999999999999999,21.478683669766582
6.008,0.9999999999999999,21.240368989719467
6.016,0.9999999999999999,21.001992504501438
6.024,0.9999999999999998,20.763554435979252
6.032,1.0,20.525055006858015
6.04,1.0,20.28649444067937
6.048,0.9999999999999999,20.047872961819735
6.056,1.0,19.809190795488497
6.064,0.9999999999999999,19.570448167726134
6.072,0.9999999999999999,19.331645305402358
6.08,1.0,19.09278243621416
6.088,1.0,18.853859788683863
6.096,0.9999998667110409,18.61487759215713
6.104,0.9999991614809934,18.375836076800887
6.112,0.9999984741144895,18.13673547360131
6.12,0.9999978043599048,17.897576014361697
6.128,0.9999971519674817,17.658357931700294
6.136,0.9999965166893272,17.419081459048158
6.144,0.9999958982794115,17.179746830646902
6.152,0.9999952964935667,16.940354281546494
6.16,0.9999947110894841,16.700904047602897
6.168,0.9999941418267136,16.461396365475814
6.176,0.9999935884666611,16.22183147262625
6.184,0.9999930507725863,15.982209607314221
6.192,0.9999925285096015,15.742531008596188
6.2,0.9999920214446695,15.502795916322675
6.208,0.9999915293465999,15.263004571135747
6.216,0.9999910519860485,15.02315721446646
6.224,0.9999905891355152,14.783254088532244
6.232,0.9999901405693392,14.543295436334345
6.24,0.9999897060636996,14.303281501655112
6.248,0.9999892853966106,14.063212529055363
6.256,0.9999888783479193,13.823088763871656
6.264,0.9999884846993045,13.58291045221344
6.272,0.9999881042342719,13.342677840960363
6.28,0.9999877367381522,13.102391177759356
6.288,0.9999873819980982,12.86205071102184
6.296,0.999987039803082,12.621656689920751
6.304,0.9999867099438912,12.381209364387603
6.312,0.9999863922131262,12.14070898510954
6.32,0.9999860864051973,11.900155803526301
6.328,0.9999857923163211,11.659550071827164
6.336,0.9999855097445162,11.418892042947874
6.344,0.9999852384896019,11.17818197056745
6.352,0.9999849783531929,10.937420109105151
6.36,0.9999847291386966,10.696606713717145
6.368,0.9999844906513081,10.455742040293362
6.376,0.9999842626980092,10.214826345454199
6.384,0.9999840450875617,9.973859886547189
6.392,0.999983837630505,9.732842921643723
6.4,0.9999836401391521,9.49177570953561
6.408,0.9999834524275857,9.250658509731695
6.416,0.9999832743116529,9.009491582454393
6.424,0.9999831056089631,8.76827518863624
6.432,0.9999829461388818,8.527009589916355
6.44,0.999982795722528,8.285695048636857
6.448,0.9999826541827682,8.044331827839315
6.456,0.9999825213442134,7.802920191261127
6.464,0.9999823970332137,7.561460403331806
6.472,0.9999822810778545,7.319952729169371
6.48,0.9999821733079507,7.078397434576513
6.4879999999999995,0.9999820735550433,6.836794786036946
6.496,0.999981981652394,6.595145050711443
6.504,0.99998189743498,6.353448496434261
6.5120000000000005,0.9999818207394899,6.111705391708933
6.52,0.9999817514043184,5.86991600570473
6.5280000000000005,0.9999816892695609,5.6280806082523505
6.536,0.9999816341770089,5.3861994698403235
6.5440000000000005,0.9999815859701446,5.144272861610612
6.552,0.9999815444941359,4.902301055354996
6.5600000000000005,0.9999815095958303,4.660284323510534
6.568,0.9999814811237512,4.418222939155929
6.5760000000000005,0.9999814589280902,4.1761171760069296
6.584,0.9999814428607039,3.933967308412572
6.592,0.9999814327751066,3.6917736113506043
6.6,0.9999814285264658,3.4495363604235
6.608,0.9999814299715952,3.2072558318540656
6.616,0.9999814369689514,2.9649323024811505
6.624,0.999981449378625,2.7225660497553057
6.632,0.999981467062337,2.4801573517344044
6.64,0.999981489883432,2.2377064870792323
6.648,0.9999815177068724,1.9952137350490475
6.656,0.9999815503992325,1.752679375497099
6.664,0.9999815878286913,1.5101036888661254
6.672,0.9999816298650279,1.2674869561838125
6.68,0.9999816763796153,1.0248294590582123
6.688,0.9999817272454119,0.7821314796731572
6.696,0.9999817823369573,0.5393933007836047
6.704,0.9999818415303655,0.29661520571097494
6.712,0.9999819047033177,0.05379747833845778
6.72,0.9999819717350562,-0.18905959689372964
6.728,0.9999820425063792,-0.43195573499309786
6.736,0.9999821168996305,-0.6748906504196853
6.744,0.9999821947986969,-0.9178640570908765
6.752,0.9999822760889995,-1.1608756683862644
6.76,0.9999823606574859,-1.4039251971525346
6.768,0.9999824483926266,-1.6470123557083791
6.776,0.9999825391844044,-1.890136855849452
6.784,0.999982632924309,-2.133298408853339
6.792,0.9999827295053313,-2.3764967254845715
6.8,0.9999828288219541,-2.6197315159996597
6.808,0.9999829307701462,-2.863002490152161
6.816,0.9999830352473548,-3.106309357197782
6.824,0.9999831421524992,-3.349651825899494
6.832,0.9999832513859621,-3.5930296045326995
6.84,0.999983362849583,-3.836442400890408
6.848,0.9999834764466512,-4.079889922288458
6.856,0.9999835920818974,-4.323371875570748
6.864,0.9999837096614873,-4.56688796711451
6.872,0.9999838290930139,-4.810437902835615
6.88,0.9999839502854881,-5.05402138819389
6.888,0.9999840731493348,-5.297638128198471
6.896,0.9999841975963816,-5.541287827413197
6.904,0.999984323539852,-5.784970189962004
6.912,0.9999844508943603,-6.028684919534367
6.92,0.9999845795758994,-6.272431719390768
6.928,0.9999847095018368,-6.516210292368182
6.936,0.999984840590905,-6.760020340885582
6.944,0.9999849727631929,-7.003861566949498
6.952,0.999985105940139,-7.247733672159586
6.96,0.9999852400445238,-7.491636357714205
6.968,0.9999853750004605,-7.735569324416055
6.976,0.9999855107333873,-7.979532272677814
6.984,0.9999856471700591,-8.22352490252782
6.992,0.9999857842385409,-8.46754691361574
7.0,0.9999859218681968,-8.71159800521832
7.008,0.9999860599896842,-8.95567787624513
7.016,0.9999861985349442,-9.1997862252443
7.024,0.999986337437194,-9.443922750408351
7.032,0.9999864766309178,-9.688087149579998
7.04,0.9999866160518591,-9.932279120257988
7.048,0.9999867556370113,-10.176498359602977
7.056,0.9999868953246114,-10.420744564443398
7.064,0.9999870350541281,-10.66501743128138
7.072,0.9999871747662568,-10.909316656298703
7.08,0.9999873144029081,-11.15364193536271
7.088,0.9999874539072018,-11.397992964032314
7.096,0.9999875932234558,-11.642369437564023
7.104,0.9999877322971794,-11.88677105091789
7.112,0.9999878710750632,-12.131197498763633
7.12,0.9999880095049717,-12.375648475486617
7.128,0.9999881475359333,-12.620123675194046
7.136,0.9999882851181321,-12.864622791720954
7.144,0.9999884222028996,-13.109145518636417
7.152,0.9999885587427049,-13.353691549249637
7.16,0.9999886946911457,-13.598260576616177
7.168,0.9999888300029413,-13.842852293544064
7.176,0.9999889646339216,-14.08746639260007
7.184,0.999989098541019,-14.332102566115877
7.192,0.9999892316822593,-14.576760506194365
7.2,0.999989364016753,-14.821439904715824
7.208,0.999989495504686,-15.06614045334429
7.216,0.999989626107311,-15.310861843533797
7.224,0.9999897557869374,-15.555603766534713
7.232,0.9999898845069235,-15.800365913400068
7.24,0.9999900122316673,-16.0451479749919
7.248,0.9999901389265956,-16.289949641987626
7.256,0.999990264558158,-16.534770604886422
7.264,0.9999903890938144,-16.77961055401563
7.272,0.9999905125020282,-17.02446917953715
7.28,0.9999906347522568,-17.269346171453904
7.288,0.9999907558149411,-17.514241219616245
7.296,0.9999908756614974,-17.759154013728462
7.304,0.9999909942643084,-18.00408424335521
7.312,0.9999911115967136,-18.249031597928028
7.32,0.9999912276329989,-18.493995766751873
7.328,0.999991342348389,-18.738976439011555
7.336,0.9999914557190381,-18.98397330377835
7.344,0.9999915677220195,-19.228986050016484
7.352,0.9999916783353171,-19.47401436658978
7.36,0.9999917875378154,-19.719057942268115
7.368,0.9999918953092914,-19.9641164657341
7.376,0.9999920016304037,-20.20918962558962
7.384,0.9999921064826847,-20.45427711036248
7.392,0.9999922098485302,-20.699378608512998
7.4,0.9999923117111906,-20.944493808440637
7.4079999999999995,0.9999924120547615,-21.18962239849064
7.416,0.9999925108641741,-21.4347640669608
7.4239999999999995,0.9999926081251858,-21.679918502107853
7.432,0.9999927038243714,-21.92508539215449
7.4399999999999995,0.9999927979491136,-22.17026442529572
7.448,0.9999928904875923,-22.415455289705875
7.4559999999999995,0.9999929814287779,-22.660657673544968
7.464,0.9999930707624196,-22.90587126496577
7.4719999999999995,0.9999931584790365,-23.151095752120167
7.48,0.9999932445699095,-23.39633082316626
7.4879999999999995,0.9999933290270705,-23.64157616627467
7.496,0.9999934118432934,-23.88683146963579
7.504,0.9999934930120853,-24.132096421465988
7.5120000000000005,0.999993572527677,-24.377370710014883
7.52,0.9999936503850128,-24.622654023571634
7.5280000000000005,0.9999937265797421,-24.86794605047217
7.536,0.99999380110821,-25.113246479105523
7.5440000000000005,0.9999938739674473,-25.358554997921008
7.552,0.9999939451551624,-25.603871295434637
7.5600000000000005,0.9999940146697298,-25.84919506023632
7.568,0.999994082510184,-26.094525980996192
7.5760000000000005,0.9999941486762071,-26.33986374647191
7.584,0.9999942131681214,-26.58520804551497
7.5920000000000005,0.9999942759868795,-26.830558567078015
7.6,0.9999943371340553,-27.075915000221126
7.6080000000000005,0.9999943966118341,-27.321277034119145
7.616,0.9999944544230043,-27.56664435806804
7.6240000000000006,0.9999945105709477,-27.812016661492134
7.632,0.9999945650596295,-28.05739363395054
7.640000000000001,0.9999946178935912,-28.30277496514436
7.648,0.9999946690779393,-28.54816034492316
7.656000000000001,0.9999947186183373,-28.793549463292155
7.664,0.9999947665209965,-29.038942010418623
7.672,0.9999948127926657,-29.28433767663919
7.68,0.999994857440624,-29.529736152466302
7.688,0.9999949004726698,-29.77513712859521
7.696,0.9999949418971141,-30.020540295910774
7.704,0.9999949817227684,-30.26594534549432
7.712,0.9999950199589386,-30.511351968630386
7.72,0.9999950566154135,-30.756759856813677
7.728,0.9999950917024583,-31.002168701755735
7.736,0.9999951252308031,-31.247578195391906
7.744,0.999995157211636,-31.49298802988808
7.752,0.9999951876565936,-31.73839789764751
7.76,0.9999952165777508,-31.983807491317645
7.768,0.9999952439876141,-32.22921650379694
7.776,0.9999952698991115,-32.47462462824167
7.784,0.9999952943255838,-32.72003155807274
7.792,0.999995317280776,-32.965436986982425
7.8,0.9999953387788283,-33.21084060894128
7.808,0.9999953588342678,-33.4562421182048
7.816,0.9999953774619997,-33.70164120932028
7.824,0.9999953946772977,-33.94703757713362
7.832,0.9999954104957979,-34.19243091679601
7.84,0.9999954249334864,-34.4378209237708
7.848,0.9999954380066941,-34.683207293840155
7.856,0.9999954497320864,-34.928589723111905
7.864,0.9999954601266563,-35.17396790802623
7.872,0.999995469207713,-35.419341545362435
7.88,0.9999954769928762,-35.66471033224567
7.888,0.9999954835000673,-35.910073966153625
7.896,0.9999954887474996,-36.15543214492332
7.904,0.9999954927536712,-36.4007845667577
7.912,0.9999954955373569,-36.64613093023246
7.92,0.9999954971175983,-36.89147093430267
7.928,0.9999954975136981,-37.13680427830941
7.936,0.9999954967452098,-37.38213066198651
7.944,0.9999954948319306,-37.62744978546721
7.952,0.9999954917938925,-37.87276134929074
7.96,0.9999954876513557,-38.11806505440902
7.968,0.9999954824247985,-38.363360602193296
7.976,0.9999954761349115,-38.608647694440656
7.984,0.9999954688025886,-38.85392603338077
7.992,0.9999954604489183,-39.099195321682394
8.0,0.9999954510951776,-39.344455262459974
8.008,0.999995440762823,-39.58970555928015
8.016,0.9999954294734834,-39.834945916168515
8.024000000000001,0.9999954172489509,-40.080176037615836
8.032,0.9999954041111763,-40.32539562858478
8.04,0.9999953900822572,-40.5706043945165
8.048,0.9999953751844348,-40.815802041336994
8.056000000000001,0.9999953594400828,-41.06098827546358
8.064,0.9999953428717016,-41.30616280381132
8.072,0.9999953255019118,-41.55132533379976
8.08,0.9999953073534442,-41.79647557335913
8.088000000000001,0.9999952884491344,-42.04161323093668
8.096,0.9999952688119158,-42.28673801550325
8.104,0.9999952484648109,-42.53184963655973
8.112,0.9999952274309246,-42.77694780414328
8.120000000000001,0.9999952057334384,-43.02203222883369
8.128,0.9999951833956009,-43.26710262175971
8.136,0.9999951604407232,-43.5121586946056
8.144,0.9999951368921701,-43.75720015961719
8.152000000000001,0.9999951127733541,-44.00222672960816
8.16,0.9999950881077285,-44.24723811796641
8.168,0.9999950629187806,-44.49223403866034
8.176,0.9999950372300241,-44.737214206245106
8.184000000000001,0.9999950110649936,-44.98217833586857
8.192,0.9999949844472369,-45.227126143277715
8.2,0.9999949574003093,-45.472057344824876
8.208,0.9999949299477671,-45.716971657473785
8.216000000000001,0.999994902113159,-45.96186879880566
8.224,0.9999948739200231,-46.20674848702529
8.232,0.999994845391878,-46.451610440967386
8.24,0.9999948165522176,-46.69645438010242
8.248000000000001,0.9999947874245038,-46.941280024542685
8.256,0.9999947580321616,-47.1860870950483
8.264,0.9999947283985724,-47.43087531303344
8.272,0.9999946985470676,-47.67564440057211
8.280000000000001,0.9999946685009229,-47.920394080404115
8.288,0.9999946382833523,-48.165124075940994
8.296,0.9999946079175025,-48.40983411127211
8.304,0.9999945774264468,-48.654523911170415
8.312,0.9999945468331788,-48.89919320109815
8.32,0.9999945161606075,-49.14384170721309
8.328,0.9999944854315512,-49.38846915637395
8.336,0.9999944546687325,-49.63307527614651
8.344,0.9999944238947714,-49.877659794809155
8.352,0.9999943931321817,-50.12222244135881
8.36,0.9999943624033644,-50.36676294551642
8.368,0.9999943317306023,-50.611281037733036
8.376,0.9999943011360547,-50.855776449195005
8.384,0.9999942706417538,-51.100248911830114
8.392,0.9999942402695967,-51.34469815831273
8.4,0.9999942100413436,-51.589123922069874
8.408,0.9999941799786094,-51.833525937286296
8.416,0.9999941501028611,-52.07790393891054
8.424,0.9999941204354129,-52.32225766265995
8.432,0.99999409099742,-52.56658684502664
8.44,0.9999940618098742,-52.81089122328249
8.448,0.9999940328936001,-53.05517053548504
8.456,0.9999940042692504,-53.29942452048245
8.464,0.9999939759573001,-53.54365291791935
8.472,0.9999939479780431,-53.78785546824168
8.48,0.9999939203515874,-54.03203191270253
8.488,0.9999938930978512,-54.27618199336695
8.496,0.9999938662365574,-54.52030545311767
8.504,0.9999938397872313,-54.764402035659955
8.512,0.9999938137691949,-55.008471485527096
8.52,0.9999937882015628,-55.25251354808533
8.528,0.9999937631032397,-55.496527969539315
8.536,0.9999937384929143,-55.74051449693686
8.544,0.9999937143890574,-55.98447287817446
8.552,0.9999936908099168,-56.22840286200184
8.56,0.9999936677735152,-56.47230419802756
8.568,0.999993645297643,-56.71617663672345
8.576,0.9999936233998592,-56.96001992943005
8.584,0.9999936020974849,-57.20383382836118
8.592,0.9999935814076005,-57.44761808660916
8.6,0.9999935613470432,-57.6913724581494
8.608,0.9999935419324023,-57.93509669784555
8.616,0.9999935231800163,-58.17879056145392
8.624,0.9999935051059712,-58.42245380562872
8.632,0.9999934877260953,-58.66608618792635
8.64,0.999993471055957,-58.90968746681055
8.648,0.9999934551108632,-59.15325740165673
8.656,0.9999934399058534,-59.39679575275683
8.664,0.9999934254556997,-59.640302281323805
8.672,0.9999934117749029,-59.883776749496434
8.68,0.9999933988776895,-60.12721892034354
8.688,0.9999933867780095,-60.37062855786885
8.696,0.9999933754895343,-60.614005427015194
8.704,0.9999933650256534,-60.85734929366923
8.712,0.9999933553994719,-61.100659924665564
8.72,0.9999933466238099,-61.343937087791495
8.728,0.9999933387111978,-61.58718055179094
8.736,0.9999933316738756,-61.830390086369206
8.744,0.9999933255237907,-62.073565462196875
8.752,0.9999933202725958,-62.316706450914396
8.76,0.9999933159316463,-62.55981282513596
8.768,0.9999933125119993,-62.80288435845404
8.776,0.999993310024411,-63.045920825443154
8.784,0.9999933084793359,-63.28892200166442
8.792,0.9999933078869234,-63.53188766366913
8.8,0.9999933082570187,-63.77481758900331
8.808,0.9999933095991591,-64.01771155621124
8.815999999999999,0.9999933119225731,-64.2605693448398
8.824,0.9999933152361802,-64.50339073544227
8.832,0.9999933195485875,-64.74617550958212
8.84,0.99999332486809,-64.98892344983699
8.847999999999999,0.9999933312026692,-65.23163433980255
8.856,0.9999933385599913,-65.47430796409634
8.864,0.9999933469474066,-65.71694410836125
8.872,0.9999933563719493,-65.95954255926942
8.879999999999999,0.9999933668403348,-66.20210310452609
8.888,0.9999933783589611,-66.44462553287303
8.896,0.9999933909339052,-66.68710963409217
8.904,0.9999934045709259,-66.9295551990091
8.911999999999999,0.9999934192754601,-67.17196201949693
8.92,0.9999934350526243,-67.41432988847951
8.928,0.9999934519072128,-67.65665859993491
8.936,0.9999934698436979,-67.89894794889885
8.943999999999999,0.9999934888662301,-68.1411977314683
8.952,0.9999935089786361,-68.38340774480461
8.96,0.9999935301844218,-68.62557778713686
8.968,0.9999935524867676,-68.86770765776511
8.975999999999999,0.9999935758885328,-69.10979715706385
8.984,0.9999936003922532,-69.35184608648503
8.992,0.999993626000141,-69.59385424856113
9.0,0.9999936527140868,-69.83582144690847
9.008,0.9999936805356578,-70.07774748623027
9.016,0.9999937094660997,-70.31963217231974
9.024000000000001,0.9999937395063353,-70.56147531206288
9.032,0.999993770656967,-70.80327671344165
9.04,0.999993802918276,-71.04503618553694
9.048,0.999993836290223,-71.28675353853143
9.056000000000001,0.9999938707724488,-71.5284285837123
9.064,0.9999939063642758,-71.77006113347417
9.072,0.9999939430647072,-72.01165100132204
9.08,0.99999398087243,-72.25319800187386
9.088000000000001,0.9999940197858135,-72.49470195086317
9.096,0.9999940598029128,-72.73616266514198
9.104,0.9999941009214671,-72.97757996268325
9.112,0.9999941431389032,-73.21895366258369
9.120000000000001,0.9999941864523352,-73.46028358506595
9.128,0.999994230858567,-73.70156955148147
9.136,0.9999942763540915,-73.94281138431288
9.144,0.9999943229350947,-74.18400890717642
9.152000000000001,0.9999943705974553,-74.42516194482427
9.16,0.9999944193367459,-74.66627032314696
9.168,0.9999944691482363,-74.90733386917583
9.176,0.9999945200268938,-75.14835241108521
9.184000000000001,0.9999945719673854,-75.38932577819455
9.192,0.9999946249640786,-75.63025380097078
9.2,0.9999946790110453,-75.8711363110305
9.208,0.9999947341020614,-76.11197314114214
9.216000000000001,0.9999947902306102,-76.3527641252278
9.224,0.9999948473898839,-76.59350909836554
9.232,0.9999949055727855,-76.8342078967914
9.24,0.9999949647719313,-77.07486035790136
9.248000000000001,0.9999950249796535,-77.31546632025314
9.256,0.999995086188001,-77.55602562356815
9.264,0.9999951483887431,-77.79653810873354
9.272,0.9999952115733713,-78.0370036178039
9.280000000000001,0.9999952757331024,-78.2774219940029
9.288,0.9999953408588792,-78.5177930817252
9.296,0.9999954069413759,-78.75811672653819
9.304,0.9999954739709978,-78.99839277518362
9.312000000000001,0.9999955419378859,-79.23862107557906
9.32,0.9999956108319189,-79.47880147681968
9.328,0.9999956806427163,-79.71893382917985
9.336,0.9999957513596409,-79.95901798411451
9.344,0.999995822971802,-80.19905379426062
9.352,0.999995895468058,-80.43904111343878
9.36,0.9999959688370201,-80.67897979665439
9.368,0.9999960430670546,-80.9188697000993
9.376,0.9999961181462864,-81.15871068115275
9.384,0.9999961940626025,-81.39850259838313
9.392,0.9999962708036542,-81.6382453115487
9.4,0.9999963483568624,-81.87793868159925
9.408,0.9999964267094175,-82.11758257067689
9.416,0.9999965058482876,-82.35717684211757
9.424,0.9999965857602174,-82.59672136045175
9.432,0.999996666431734,-82.83621599140584
9.44,0.9999967478491513,-83.07566060190284
9.448,0.9999968299985705,-83.31505506006368
9.456,0.9999969128658869,-83.55439923520782
9.464,0.9999969964367922,-83.7936929978545
9.472,0.9999970806967783,-84.03293621972317
9.48,0.9999971656311416,-84.27212877373475
9.488,0.999997251224986,-84.51127053401206
9.496,0.9999973374632278,-84.75036137588084
9.504,0.9999974243305992,-84.98940117587019
9.512,0.999997511811652,-85.22838981171357
9.52,0.9999975998907626,-85.46732716234901
9.528,0.9999976885521347,-85.70621310792015
9.536,0.9999977777798047,-85.94504752977639
9.544,0.9999978675576455,-86.1838303104738
9.552,0.9999979578693712,-86.42256133377515
9.56,0.9999980486985398,-86.66124048465088
9.568,0.999998140028559,-86.89986764927895
9.576,0.9999982318426911,-87.13844271504571
9.584,0.9999983241240551,-87.37696557054582
9.592,0.999998416855634,-87.61543610558287
9.6,0.9999985100202761,-87.85385421116936
9.608,0.9999986036007037,-88.09221977952723
9.616,0.9999986975795133,-88.33053270408757
9.624,0.9999987919391835,-88.56879287949138
9.632,0.9999988866620778,-88.80700020158908
9.64,0.9999989817304501,-89.04515456744103
9.648,0.99999907712645,-89.28325587531724
9.656,0.999999172832125,-89.52130402469767
9.664,0.9999992688294295,-89.75929891627186
9.672,0.9999993651002262,-89.99724045193918
9.68,0.999999461626292,-90.23512853480837
9.688,0.9999995583893242,-90.4729630691978
9.696,0.9999996553709426,-90.71074396063486
9.704,0.9999997525526979,-90.94847111585611
9.712,0.9999998499160744,-91.18614444280665
9.72,0.9999999474424965,-91.42376385064028
9.728,1.0,-91.66132924971865
9.736,1.0,-91.89884055161141
9.744,1.0000000000000002,-92.13629766909531
9.752,0.9999999999999998,-92.37370051615424
9.76,1.0,-92.61104900797831
9.768,0.9999999999999999,-92.84834306096377
9.776,1.0,-93.08558259271202
9.784,1.0,-93.32276752202948
9.792,1.0,-93.55989776892655
9.8,1.0,-93.79697325461736
9.808,0.9999999999999999,-94.03399390151868
9.816,1.0,-94.27095963324965
9.824,1.0,-94.50787037463051
9.832,1.0,-94.74472605168235
9.84,1.0,-94.98152659162574
9.847999999999999,1.0,-95.21827192288038
9.856,0.9999999999999999,-95.45496197506392
9.864,1.0,-95.691596678991
9.872,1.0,-95.92817596667237
9.879999999999999,1.0,-96.16469977131399
9.888,1.0,-96.4011680273159
9.896,1.0,-96.6375806702711
9.904,0.9999999999999999,-96.87393763696446
9.911999999999999,1.0,-97.11023886537177
9.92,0.9999999999999999,-97.34648429465845
9.928,1.0000000000000002,-97.58267386517822
9.936,1.0,-97.81880751847201
9.943999999999999,1.0,-98.05488519726678
9.952,1.0,-98.29090684547414
9.96,0.9999999999999999,-98.52687240818886
9.968,1.0,-98.76278183168768
9.975999999999999,0.9999999999999999,-98.99863506342793
9.984,1.0,-99.23443205204609
9.992,1.0,-99.47017274735619
10.0,1.0000000000000002,-99.70585710034838
10.008,0.9999999999999999,-99.94148506318756
10.016,0.9999999999999999,-100.17705658921169
10.024000000000001,1.0,-100.41257163293008
10.032,1.0,-100.64803015002191
10.04,1.0,-100.88343209733469
10.048,1.0,-101.11877743288238
10.056000000000001,1.0,-101.35406611584368
10.064,0.9999999999999999,-101.58929810656029
10.072,1.0,-101.82447336653532
10.08,0.9999999999999999,-102.0595918584313
10.088000000000001,1.0,-102.29465354606829
10.096,1.0,-102.52965839442207
10.104,1.0,-102.76460636962233
10.112,0.9999999999999999,-102.99949743895071
10.120000000000001,0.9999999999999999,-103.23433157083863
10.128,0.9999999999999999,-103.46910873486549
10.136,0.9999999999999999,-103.70382890175665
10.144,1.0,-103.93849204338136
10.152000000000001,0.9999999999999999,-104.1730981327505
10.16,1.0,-104.40764714401465
10.168,1.0,-104.64213905246194
10.176,1.0,-104.87657383451587
10.184000000000001,1.0,-105.11095146773295
10.192,1.0,-105.34527193080055
10.2,1.0,-105.57953520353483
10.208,0.9999999999999998,-105.81374126687825
10.216000000000001,0.9999999999999999,-106.04789010289714
10.224,1.0,-106.28198169477956
10.232,0.9999999999999998,-106.51601602683294
10.24,1.0,-106.74999308448155
10.248000000000001,1.0,-106.98391285426402
10.256,0.9999999999999999,-107.21777532383098
10.264,1.0,-107.45158048194259
10.272,1.0,-107.68532831846606
10.280000000000001,1.0,-107.91901882437281
10.288,1.0,-108.15265199173619
10.296,0.9999999999999999,-108.38622781372884
10.304,1.0,-108.61974628462002
10.312000000000001,1.0,-108.85320739977283
10.32,1.0,-109.08661115564166
10.328,1.0,-109.31995754976951
10.336,0.9999999999999999,-109.55324658078524
10.344000000000001,0.9999999999999999,-109.78647824840061
10.352,1.0,-110.01965255340767
10.36,1.0,-110.25276949767598
10.368,1.0,-110.48582908414971
10.376000000000001,1.0,-110.71883131684463
10.384,1.0,-110.95177620084537
10.392,1.0,-111.1846637423025
10.4,1.0,-111.4174939484296
10.408000000000001,0.9999999999999999,-111.65026682750006
10.416,1.0,-111.8829823888443
10.424,1.0,-112.11564064284676
10.432,1.0,-112.34824160094277
10.440000000000001,0.9999999999999999,-112.58078527561541
10.448,1.0,-112.81327168039249
10.456,0.9999999999999999,-113.04570082984347
10.464,1.0,-113.27807273957627
10.472000000000001,1.0,-113.510387426234
10.48,1.0,-113.74264490749184
10.488,1.0,-113.97484520205388
10.496,0.9999999999999999,-114.2069883296499
10.504000000000001,1.0,-114.43907431103179
10.512,0.9999999999999999,-114.67110316797057
10.52,1.0,-114.90307492325303
10.528,1.0,-115.13498960067835
10.536000000000001,1.0,-115.3668472250546
10.544,1.0,-115.5986478221955
10.552,1.0,-115.83039141891707
10.56,1.0,-116.0620780430341
10.568000000000001,0.9999999999999999,-116.29370772335658
10.576,1.0,-116.52528048968634
10.584,1.0,-116.75679637281364
10.592,1.0,-116.9882554045136
10.600000000000001,0.9999999999999999,-117.21965761754245
10.608,0.9999999999999999,-117.45100304563411
10.616,1.0,-117.6822917234967
10.623999999999999,0.9999999999999999,-117.91352368680883
10.632,0.9999999999999999,-118.14469897221593
10.64,0.9999999999999998,-118.37581761732662
10.648,0.9999999999999999,-118.60687966070897
10.655999999999999,1.0,-118.83788514188699
10.664,0.9999999999999999,-119.06883410133682
10.672,1.0,-119.29972658048285
10.68,1.0,-119.53056262169405
10.687999999999999,0.9999999999999999,-119.76134226828032
10.696,1.0,-119.99206556448857
10.704,1.0,-120.22273255549891
10.712,1.0,-120.45334328742062
10.719999999999999,1.0,-120.68389780728872
10.728,0.9999999999999999,-120.91439616305975
10.736,0.9999999999999998,-121.14483840360798
10.744,0.9999999999999999,-121.37522457872132
10.751999999999999,0.9999999999999999,-121.60555473909773
10.76,1.0,-121.83582893634102
10.768,1.0,-122.06604722295681
10.776,1.0,-122.29620965234867
10.783999999999999,1.0,-122.52631627881412
10.792,0.9999999999999999,-122.75636715754051
10.8,0.9999999999999999,-122.98636234460106
10.808,1.0,-123.21630189695057
10.815999999999999,1.0,-123.44618587242162
10.824,0.9999999999999999,-123.67601432972037
10.832,1.0,-123.90578732842228
10.84,1.0000000000000002,-124.13550492896812
10.847999999999999,1.0,-124.36516719265981
10.856,1.0,-124.59477418165625
10.864,1.0,-124.82432595896897
10.872,1.0,-125.05382258845809
10.879999999999999,1.0,-125.28326413482806
10.888,1.0,-125.51265066362348
10.896,1.0,-125.74198224122455
10.904,1.0,-125.97125893484309
10.911999999999999,1.0,-126.2004808125182
10.92,1.0,-126.42964794311197
10.928,0.9999999999999998,-126.65876039630491
10.936,1.0,-126.88781824259189
10.943999999999999,0.9999999999999999,-127.1168215532777
10.952,0.9999999999999999,-127.34577040047276
10.96,0.9999999999999999,-127.57466485708845
10.968,1.0,-127.80350499683301
10.975999999999999,0.9999999999999999,-128.03229089420705
10.984,0.9999999999999999,-128.26102262449916
10.992,1.0,-128.4897002637813
11.0,0.9999999999999999,-128.71832388890437
11.008,1.0,-128.94689357749405
11.016,1.0,-129.175409407946
11.024000000000001,1.0,-129.40387145942137
11.032,1.0,-129.63227981184238
11.04,0.9999999999999999,-129.86063454588802
11.048,0.9999999999999999,-130.08893574298907
11.056000000000001,1.0,-130.3171834853238
11.064,1.0,-130.5453778558134
11.072,1.0,-130.77351893811752
11.08,1.0,-131.00160681662945
11.088000000000001,0.9999999999999999,-131.22964157647166
11.096,1.0,-131.45762330349112
11.104,1.0,-131.6855520842549
11.112,1.0,-131.91342800604528
11.120000000000001,1.0,-132.14125115685525
11.128,1.0,-132.36902162538374
11.136,0.9999999999999999,-132.59673950103127
11.144,1.0,-132.8244048738949
11.152000000000001,1.0,-133.05201783476383
11.16,1.0,-133.27957847511445
11.168,1.0,-133.50708688710603
11.176,1.0,-133.73454316357578
11.184000000000001,0.9999999999999999,-133.96194739803397
11.192,0.9999999999999999,-134.18929968465957
11.2,1.0,-134.4166001182953
11.208,1.0,-134.64384879444304
11.216000000000001,0.9999999999999999,-134.87104580925893
11.224,1.0,-135.09819125954868
11.232,0.9999999999999999,-135.32528524276293
11.24,1.0,-135.55232785699243
11.248000000000001,1.0,-135.7793192009632
11.256,1.0,-136.00625937403169
11.264,0.9999999999999999,-136.23314847618036
11.272,1.0,-136.4599866080127
11.280000000000001,1.0,-136.6867738707482
11.288,0.9999999999999999,-136.91351036621785
11.296,1.0,-137.14019619685948
11.304,1.0,-137.3668314657127
11.312000000000001,1.0,-137.59341627641408
11.32,1.0,-137.81995073319257
11.328,0.9999999999999999,-138.04643494086457
11.336,1.0,-138.27286900482932
11.344000000000001,1.0,-138.49925303106372
11.352,0.9999999999999999,-138.72558712611786
11.36,1.0,-138.95187139711015
11.368,0.9999999999999999,-139.17810595172259
11.376000000000001,1.0,-139.40429089819568
11.384,1.0,-139.63042634532394
11.392,1.0,-139.85651240245102
11.4,1.0,-140.082549179465
11.408000000000001,1.0,-140.30853678679338
11.416,1.0,-140.53447533539844
11.424,0.9999999999999999,-140.76036493677253
11.432,1.0,-140.98620570293326
11.440000000000001,1.0,-141.21199774641866
11.448,1.0000000000000002,-141.43774118028242
11.456,0.9999999999999999,-141.6634361180893
11.464,1.0,-141.88908267391042
11.472000000000001,1.0,-142.1146809623181
11.48,1.0,-142.34023109838157
11.488,1.0,-142.56573319766227
11.496,1.0,-142.79118737620888
11.504000000000001,1.0,-143.0165937505528
11.512,1.0,-143.24195243770336
11.52,1.0,-143.46726355514335
11.528,1.0,-143.69252722082433
11.536000000000001,1.0,-143.9177435531617
11.544,1.0,-144.1429126710305
11.552,0.9999999999999998,-144.3680346937606
11.56,1.0,-144.59310974113217
11.568000000000001,1.0,-144.81813793337105
11.576,1.0,-145.04311939114424
11.584,0.9999999999999999,-145.2680542355555
11.592,1.0,-145.49294258814075
11.600000000000001,1.0,-145.71778457086356
11.608,1.0,-145.94258030611059
11.616,0.9999999999999999,-146.1673299166876
11.624,1.0,-146.3920335258147
11.632,1.0,-146.61669125712191
11.64,1.0,-146.84130323464515
11.648,1.0,-147.06586958282153
11.655999999999999,1.0,-147.29039042648554
11.664,0.9999999999999999,-147.51486589086446
11.672,0.9999999999999999,-147.73929610157415
11.68,1.0,-147.96368118461504
11.687999999999999,1.0,-148.188021266368
11.696,1.0,-148.41231647359012
11.704,1.0,-148.63656693341068
11.712,1.0,-148.86077277332717
11.719999999999999,1.0,-149.08493412120134
11.728,1.0,-149.30905110525532
11.736,1.0,-149.5331238540676
11.744,1.0,-149.75715249656918
11.751999999999999,1.0,-149.98113716204006
11.76,1.0,-150.20507798010536
11.768,1.0,-150.42897508073148
11.776,1.0,-150.65282859422277
11.783999999999999,0.9999999999999999,-150.87663865121783
11.792,1.0,-151.10040538268612
11.8,0.9999999999999999,-151.3241289199243
11.808,1.0,-151.54780939455316
11.815999999999999,1.0,-151.77144693851415
11.824,1.0,-151.99504168406625
11.832,1.0,-152.21859376378268
11.84,1.0,-152.4421033105479
11.847999999999999,0.9999999999999999,-152.6655704575548
11.856,1.0,-152.8889953383014
11.864,1.0,-153.11237808658834
11.872,0.9999999999999999,-153.33571883651587
11.879999999999999,1.0,-153.5590177224815
11.888,1.0,-153.78227487917724
11.896,1.0,-154.00549044158694
11.904,0.9999999999999999,-154.22866454498433
11.911999999999999,1.0,-154.45179732493037
11.92,0.9999999999999999,-154.67488891727146
11.928,0.9999999999999999,-154.89793945813688
11.936,1.0,-155.12094908393718
11.943999999999999,0.9999999999999999,-155.3439179313624
11.952,0.9999999999999999,-155.56684613738005
11.96,1.0,-155.78973383923378
11.968,1.0,-156.01258117444164
11.975999999999999,0.9999999999999999,-156.235388280795
11.984,1.0,-156.45815529635726
11.992,0.9999999999999999,-156.68088235946263
12.0,1.0,-156.9035696087153
12.008,0.9999999999999999,-157.12621718298868
12.016,0.9999999999999999,-157.34882522142482
12.024000000000001,0.9999999999999999,-157.57139386343368
12.032,1.0,-157.79392324869295
12.04,1.0,-158.01641351714807
12.048,1.0,-158.23886480901194
12.056000000000001,1.0,-158.46127726476522
12.064,0.9999999999999999,-158.68365102515662
12.072,0.9999999999999999,-158.9059862312037
12.08,1.0,-159.12828302419337
12.088000000000001,1.0,-159.3505415456827
12.096,1.0,-159.57276193750027
12.104,1.0,-159.79494434174757
12.112,1.0,-160.01708890080033
12.120000000000001,0.9999999999999999,-160.23919575731037
12.128,0.9999999999999999,-160.46126505420744
12.136,1.0,-160.68329693470181
12.144,1.0,-160.9052915422864
12.152000000000001,0.9999999999999999,-161.12724902073944
12.16,0.9999999999999999,-161.3491695141276
12.168,1.0,-161.5710531668091
12.176,1.0,-161.7929001234373
12.184000000000001,1.0,-162.01471052896414
12.192,1.0,-162.2364845286443
12.2,1.0,-162.45822226803958
12.208,0.9999999999999999,-162.67992389302347
12.216000000000001,0.9999999999999999,-162.90158954978583
12.224,0.9999999999999999,-163.12321938483808
12.232,0.9999999999999999,-163.34481354501904
12.24,1.0,-163.56637217750045
12.248000000000001,1.0,-163.7878954297931
12.256,1.0,-164.00938344975336
12.264,0.9999999999999999,-164.2308363855902
12.272,0.9999999999999999,-164.45225438587212
12.280000000000001,1.0,-164.67363759953477
12.288,0.9999999999999999,-164.89498617588885
12.296,0.9999999999999999,-165.11630026462848
12.304,1.0,-165.3375800158399
12.312000000000001,0.9999999999999999,-165.5588255800103
12.32,0.9999999999999999,-165.78003710803767
12.328,0.9999999999999999,-166.00121475124035
12.336,0.9999999999999999,-166.2223586613677
12.344000000000001,1.0,-166.44346899061046
12.352,1.0,-166.66454589161222
12.36,1.0,-166.8855895174811
12.368,0.9999999999999999,-167.10660002180163
12.376000000000001,0.9999999999999999,-167.3275775586475
12.384,0.9999999999999999,-167.54852228259443
12.392,1.0,-167.76943434873402
12.4,0.9999999999999999,-167.99031391268755
12.408000000000001,1.0,-168.21116113062044
12.416,1.0,-168.43197615925754
12.424,1.0,-168.6527591558986
12.432,0.9999999999999999,-168.8735102784344
12.440000000000001,1.0,-169.09422968536336
12.448,1.0,-169.3149175358087
12.456,0.9999999999999999,-169.53557398953637
12.464,1.0,-169.75619920697335
12.472000000000001,0.9999999999999998,-169.97679334922637
12.48,1.0,-170.1973565781014
12.488,1.0,-170.41788905612398
12.496,0.9999999999999999,-170.63839094655987
12.504000000000001,1.0,-170.85886241343593
12.512,0.9999999999999999,-171.07930362156242
12.52,1.0,-171.2997147365553
12.528,1.0,-171.52009592485965
12.536000000000001,1.0,-171.74044735377285
12.544,0.9999999999999999,-171.96076919146955
12.552,1.0,-172.1810616070264
12.56,1.0,-172.40132477044787
12.568000000000001,1.0,-172.62155885269237
12.576,1.0,-172.8417640256993
12.584,1.0,-173.06194046241677
12.592,0.9999999999999999,-173.28208833682976
12.600000000000001,1.0,-173.50220782398895
12.608,0.9999999999999999,-173.7222991000403
12.616,1.0,-173.94236234225536
12.624,0.9999999999999999,-174.1623977290621
12.632000000000001,1.0000000000000002,-174.3824054400761
12.64,0.9999999999999999,-174.60238565613298
12.648,1.0,-174.822338559321
12.656,0.9999999999999999,-175.0422643330144
12.664,0.9999999999999998,-175.26216316190735
12.672,0.9999999999999999,-175.48203523204853
12.68,1.0,-175.70188073087613
12.687999999999999,0.9999999999999999,-175.92169984725365
12.696,1.0,-176.1414927715063
12.704,1.0,-176.36125969545742
12.712,1.0,-176.58100081246596
12.719999999999999,0.9999999999999999,-176.80071631746432
12.728,0.9999999999999999,-177.02040640699653
12.736,1.0,-177.24007127925682
12.744,1.0,-177.45971113412884
12.751999999999999,1.0,-177.67932617322515
12.76,1.0,-177.89891659992693
12.768,0.9999999999999999,-178.1184826194241
12.776,1.0,-178.33802443875572
12.783999999999999,1.0,-178.5575422668505
12.792,1.0,-178.7770363145679
12.8,0.9999999999999999,-178.99650679473842
12.808,1.0,-179.2159539222051
12.815999999999999,1.0,-179.43537791386427
12.824,1.0,-179.6547789887065
12.832,1.0,-179.87415736785746
12.84,0.9999999999999998,179.9064867253816
12.847999999999999,1.0,179.68715306549316
12.856,0.9999999999999999,179.46784142470355
12.864,1.0,179.24855157294343
12.872,0.9999999999999999,179.0292832778084
12.879999999999999,0.9999999999999999,178.81003630452037
12.888,1.0,178.5908104158898
12.896,1.0,178.37160537227854
12.904,1.0,178.1524209315635
12.911999999999999,0.9999999999999998,177.9332568491014
12.92,1.0,177.71411287769445
12.928,0.9999999999999999,177.49498876755757
12.936,0.9999999999999999,177.27588426628665
12.943999999999999,1.0,177.05679911882822
12.952,1.0,176.83773306745104
12.96,1.0,176.61868585171925
12.968,1.0,176.39965720846732
12.975999999999999,0.9999999999999998,176.180646871777
12.984,0.999999788225383,175.96165457295655
12.992,0.9999977353506105,175.74268004052252
13.0,0.9999956252846162,175.52372300018365
13.008,0.9999934576289465,175.30478317482746
13.016,0.9999912320213947,175.08586028450986
13.024000000000001,0.9999889481380301,174.86695404644794
13.032,0.9999866056952773,174.6480641750155
13.04,0.9999842044520477,174.4291903817422
13.048,0.9999817442119194,174.21033237531634
13.056000000000001,0.9999792248253677,173.9914898615914
13.064,0.999976646192042,173.77266254359654
13.072,0.999974008263088,173.55385012155088
13.08,0.9999713110435222,173.33505229288286
13.088000000000001,0.999968554594638,173.11626875225363
13.096,0.9999657390364628,172.89749919158544
13.104,0.9999628645502532,172.67874330009485
13.112,0.9999599313810216,172.46000076433126
13.120000000000001,0.9999569398401087,172.24127126822108
13.128,0.999953890307771,172.0225544931169
13.136,0.9999507832358168,171.8038501178531
13.144,0.999947619150256,171.58515781880712
13.152000000000001,0.9999443986539709,171.36647726996716
13.16,0.999941122429416,171.1478081430063
13.168,0.9999377912413216,170.92915010736309
13.176,0.9999344059394155,170.7105028303289
13.184000000000001,0.9999309674611447,170.49186597714282
13.192,0.9999274768344047,170.27323921109345
13.2,0.9999239351802589,170.05462219362744
13.208,0.9999203437156524,169.8360145844664
13.216000000000001,0.9999167037561143,169.6174160417317
13.224,0.9999130167184263,169.39882622207574
13.232,0.99990928412328,169.1802447808225
13.24,0.9999055075978969,168.96167137211566
13.248000000000001,0.9999016888785976,168.74310564907478
13.256,0.9998978298133453,168.5245472639602
13.264,0.9998939323642098,168.3059958683455
13.272,0.9998899986097944,168.08745111329878
13.280000000000001,0.9998860307475821,167.86891264957293
13.288,0.9998820310961934,167.65038012780312
13.296,0.9998780020976002,167.43185319871353
13.304,0.9998739463191832,167.21333151333195
13.312000000000001,0.9998698664557516,166.9948147232137
13.32,0.9998657653314182,166.77630248067226
13.328,0.9998616459013508,166.557794439019
13.336,0.9998575112534303,166.33929025281088
13.344000000000001,0.9998533646097267,166.1207895781055
13.352,0.9998492093278819,165.90229207272418
13.36,0.9998450489022815,165.68379739652184
13.368,0.99984088696512,165.46530521166486
13.376000000000001,0.9998367272872567,165.24681518291507
13.384,0.9998325737789018,165.02832697792016
13.392,0.9998284304901276,164.80984026751082
13.4,0.9998243016111507,164.5913547260027
13.408000000000001,0.9998201914724529,164.37287003150485
13.416,0.9998161045446459,164.15438586623182
13.424,0.999812045438145,163.93590191682122
13.432,0.9998080189025907,163.71741787465362
13.440000000000001,0.9998040298260764,163.4989334361772
13.448,0.9998000832340693,163.2804483032341
13.456,0.9997961842881428,163.06196218338894
13.464,0.9997923382844222,162.84347479025922
13.472000000000001,0.9997885506517837,162.62498584384508
13.48,0.9997848269497941,162.40649507086076
13.488,0.9997811728663802,162.1880022050632
13.496,0.9997775942151942,161.96950698758243
13.504000000000001,0.9997740969327682,161.75100916724298
13.512,0.9997706870753613,161.53250850089154
13.52,0.999767370815525,161.31400475371115
13.528,0.9997641544383914,161.09549769953748
13.536000000000001,0.9997610443377053,160.87698712116483
13.544,0.9997580470115961,160.65847281064907
13.552,0.9997551690580089,160.43995456959945
13.56,0.9997524171699723,160.2214322094649
13.568000000000001,0.9997497981304863,160.0029055518096
13.576,0.9997473188072858,159.78437442857916
13.584,0.99974498614723,159.56583868235512
13.592,0.9997428071705065,159.34729816659623
13.600000000000001,0.9997407889646194,159.12875274587222
13.608,0.9997389386781097,158.9102022960769
13.616,0.9997372635140716,158.69164670463084
13.624,0.9997357707234902,158.4730858706702
13.632000000000001,0.9997344675983495,158.2545197052153
13.64,0.9997333614645776,158.0359481313262
13.648,0.9997324596748395,157.81737108424
13.656,0.9997317696011575,157.59878851148926
13.664000000000001,0.9997312986274243,157.38020037300367
13.672,0.9997310541417369,157.16160664119005
13.68,0.9997310435287281,156.9430073009956
13.687999999999999,0.9997312741617106,156.72440234994963
13.696,0.9997317533948207,156.50579179818484
13.704,0.9997324885550897,156.28717566843963
13.712,0.9997334869344874,156.06855399603592
13.719999999999999,0.9997347557819741,155.8499268288414
13.728,0.999736302295531,155.63129422720425
13.736,0.9997381336142466,155.4126562638735
13.744,0.9997402568104438,155.1940130238896
13.751999999999999,0.9997426788818716,154.97536460446415
13.76,0.9997454067440174,154.75671111482956
13.768,0.999748447222473,154.53805267607441
13.776,0.9997518070454727,154.3193894209539
13.783999999999999,0.9997554928365837,154.1007214936841
13.792,0.9997595111075227,153.88204904971317
13.8,0.9997638682512116,153.66337225547736
13.808,0.9997685705349818,153.4446912881342
13.815999999999999,0.9997736240940582,153.22600633528305
13.824,0.9997790349252088,153.00731759466137
13.832,0.999784808880715,152.78862527383495
13.84,0.9997909516625834,152.56992958986095
13.847999999999999,0.9997974688170056,152.3512307689456
13.856,0.999804365729163,152.13252904608362
13.864,0.999811647618332,151.91382466468508
13.872,0.9998193195332526,151.69511787619254
13.879999999999999,0.999827386347886,151.47640893968457
13.888,0.9998358527574834,151.25769812147237
13.896,0.9998447232749899,151.03898569468632
13.904,0.9998540022277896,150.82027193885364
13.911999999999999,0.9998636937548465,150.60155713947302
13.92,0.9998738018041545,150.3828415875812
13.928,0.9998843301305623,150.16412557931568
13.936,0.9998952822939879,149.94540941547575
13.943999999999999,0.999906661657939,149.72669340107998
13.952,0.9999184713884509,149.50797784492454
13.96,0.9999307144533479,149.28926305913976
13.968,0.9999433936218601,149.07054935875016
13.975999999999999,0.9999565114646143,148.85183706123536
13.984,0.9999700703539464,148.63312648609514
13.992,0.9999840724645577,148.41441795441892
14.0,0.9999985197745139,148.19571178846084
