freq,mag,phase
6.0,1.0000396574507788,-0.7114239591909729
6.002991616,1.0001820138674582,-0.8131015806295546
6.005983744,1.0003148513268167,-0.9167782974490382
6.00897536,1.0004282855381486,-1.022264056971985
6.011966976,1.0005155686342984,-1.1291943213754885
6.014959104,1.0005707317176582,-1.2371808810812857
6.01795072,1.0005905768445589,-1.345739471997563
6.020942336,1.0005737319127597,-1.4543470199175061
6.023933952,1.0005213692682489,-1.5624617322408927
6.02692608,1.0004367643761765,-1.6695971604085842
6.029917696,1.000325027146129,-1.7753565336020531
6.032909312,1.0001933690403104,-1.8793492781451242
6.03590144,1.0000498995767468,-1.9813646566703427
6.038893056,0.9999036005815769,-2.0812837360146244
6.041884672,0.9997637525115467,-2.1791803379019936
6.0448768,0.9996392247884572,-2.275201943130153
6.047868416,0.9995376882633203,-2.3695390808481593
6.050860032,0.9994656258172583,-2.4626714142786588
6.05385216,0.9994275524206852,-2.555005164522081
6.056843776,0.9994258662088871,-2.6470735571247017
6.059835392,0.9994607672091479,-2.7394197004831917
6.062827008,0.9995299439137879,-2.8325091562911218
6.065819136,0.9996290938996175,-2.9268577050554567
6.068810752,0.9997521411527468,-3.0228051123576636
6.071802368,0.9998912476225826,-3.12067885398373
6.074794496,1.00003756802007,-3.2206519579463277
6.077786112,1.0001821516530627,-3.322712906577283
6.080777728,1.0003156676508238,-3.4268301685985345
6.083769856,1.0004299189162509,-3.5326984195904862
6.086761472,1.0005174743091874,-3.6400931926165025
6.089753088,1.0005731713157817,-3.748555345294613
6.092744704,1.0005932852893202,-3.8575303979395312
6.095736832,1.0005766216658003,-3.9665930755634204
6.098728448,1.0005243231431058,-4.075177999867752
6.101720064,1.0004393714517397,-4.18276757854626
6.104712192,1.0003272348355001,-4.288921913646863
6.107703808,1.0001949811406374,-4.3934076617848214
6.110695424,1.0000507088864925,-4.495844661606563
6.113687552,0.9999038851514713,-4.59621684712464
6.116679168,0.9997632957597213,-4.694528438423177
6.119670784,0.9996379875818268,-4.790914818210026
6.122662912,0.9995357790672313,-4.885674052097319
6.125654528,0.9994631257836508,-4.979203710003821
6.128646144,0.9994247225593672,-5.071890871386991
6.13163776,0.9994228213384266,-5.16436515356715
6.134629888,0.9994576197307137,-5.257086913270519
6.137621504,0.9995269257677505,-5.350523877875236
6.14061312,0.999626582194211,-5.445226164399978
6.143605248,0.9997499554546984,-5.541588012287131
6.146596864,0.9998896789513296,-5.639830048829868
6.14958848,1.0000366812282824,-5.7401769084428835
6.152580608,1.0001819946126085,-5.842695760133214
6.155572224,1.0003163535334747,-5.947187691470354
6.15856384,1.0004312476190886,-6.05355359673408
6.161555968,1.0005195879900144,-6.161376141310722
6.164547584,1.0005757753834532,-6.270295281642661
6.1675392,1.0005962151270804,-6.37977576233528
6.170530816,1.0005796548223935,-6.489261101783519
6.173522944,1.0005273211392773,-6.598301307978165
6.17651456,1.0004421205089853,-6.706357934581646
6.179506176,1.000329700110534,-6.813001481699561
6.182498304,1.0001968491912614,-6.9179112423394225
6.18548992,1.0000519334190654,-7.02081635875959
6.188481536,0.9999042992270105,-7.121603154800904
6.191473664,0.9997629966687313,-7.220323512340348
6.19446528,0.9996368436362084,-7.3171321755728105
6.197456896,0.9995340543210148,-7.412328738406643
6.200448512,0.9994607558983475,-7.506201024944131
6.20344064,0.9994218723683755,-7.599329584173717
6.206432256,0.9994198132416898,-7.692167684464008
6.209423872,0.9994545520959572,-7.785259705727718
6.212416,0.9995240394204585,-7.879083699382073
6.215407616,0.9996238245891994,-7.974196604470004
6.218399232,0.9997478103574874,-8.070902305982635
6.22139136,0.99988819784756,-8.169557228507776
6.224382976,1.0000358987036908,-8.270326293679577
6.227374592,1.000181984557468,-8.373243018031893
6.23036672,1.0003170703330564,-8.478188925801676
6.233358336,1.0004327006040739,-8.584994942105695
6.236349952,1.0005216879277437,-8.693232577782576
6.239341568,1.0005784126739918,-8.802608410504309
6.242333696,1.0005993336019936,-8.912525181590215
6.245325312,1.000582980037613,-9.022553616356548
6.248316928,1.0005305299745384,-9.132046613039373
6.251309056,1.0004452203232246,-9.24053781739728
6.254300672,1.0003322803063206,-9.34766432307208
6.257292288,1.000198776374412,-9.453043480727189
6.260284416,1.0000534265023344,-9.55641480882696
6.263276032,0.9999048425007175,-9.657630674104983
6.266267648,0.999762716714981,-9.756783718668236
6.269259776,0.9996359265855783,-9.85404820614908
6.272251392,0.9995323835118752,-9.94960769726881
6.275243008,0.9994584148941438,-10.043925649778398
6.278234624,0.9994190894583136,-10.137410981717306
6.281226752,0.9994165796058512,-10.23065158515821
6.284218368,0.9994512771799435,-10.324091552460938
6.287209984,0.9995208637801876,-10.41833412887893
6.290202112,0.9996209762946169,-10.513798021995557
6.293193728,0.999745389673655,-10.610948972185225
6.296185344,0.9998863533428067,-10.70999550254165
6.299177472,1.0000348492183568,-10.811178736912835
6.302169088,1.000181735759024,-10.91449805667638
6.305160704,1.0003175752138898,-11.01988608463928
6.308152832,1.0004340413986845,-11.12712699523937
6.311144448,1.000523687334185,-11.235831540545098
6.314136064,1.0005810016920371,-11.345694874227538
6.31712768,1.0006022229185172,-11.45611292925812
6.320119808,1.0005861124674575,-11.566565367449195
6.323111424,1.0005336575290713,-11.676527902296753
6.32610304,1.000448163450187,-11.785546472607743
6.329095168,1.0003348089413544,-11.893127969047912
6.332086784,1.0002008913015776,-11.998954224320016
6.3350784,1.0000547501942096,-12.102764489126747
6.338070528,0.9999054733930807,-12.204500328886134
6.341062144,0.999762528414318,-12.304071943354053
6.34405376,0.9996349205189601,-12.40171239066174
6.347045376,0.9995304963078266,-12.497722551185815
6.350037504,0.9994560038009977,-12.592453662154334
6.35302912,0.9994162752927522,-12.686331644046533
6.356020736,0.9994133953149605,-12.779969643731171
6.359012864,0.9994479204343883,-12.873809154436588
6.36200448,0.9995175980535318,-12.968416792131435
6.364996096,0.9996180369239093,-13.064298761522307
6.367988224,0.9997428721195248,-13.161838964862426
6.37097984,0.999884492625724,-13.261272421908476
6.373971456,1.0000337961430936,-13.362897963241915
6.376963584,1.0001813463038673,-13.466620105160118
6.3799552,1.0003181712202747,-13.572459362382462
6.382946816,1.0004354064087717,-13.680146292356826
6.385938432,1.0005257428398993,-13.789356416858983
6.38893056,1.0005835923938158,-13.899636635907036
6.391922176,1.0006053922552334,-14.01053590133582
6.394913792,1.0005895572590036,-14.121481454522234
6.39790592,1.0005370518223142,-14.231966987107421
6.400897536,1.0004512975379805,-14.34144508840588
6.403889152,1.0003375535637455,-14.449558628655048
6.40688128,1.0002030924717555,-14.555831619549984
6.409872896,1.000056187285179,-14.66015156784152
6.412864512,0.9999061274272425,-14.762277240402815
6.41585664,0.999762414372163,-14.862321093099796
6.418848256,0.9996338994682976,-14.960407373184097
6.421839872,0.9995286916897717,-15.05683682261003
6.424831488,0.9994535936328504,-15.151949475389184
6.427823616,0.9994131880689987,-15.246283112907038
6.430815232,0.999410063352932,-15.340254031449117
6.433806848,0.9994444360177623,-15.43451978730914
6.436798976,0.9995141863373884,-15.52952083834575
6.439790592,0.9996148697306513,-15.625807254403197
6.442782208,0.9997403469387601,-15.723697972030507
6.445774336,0.9998825023244005,-15.823594636503046
6.448765952,1.0000325624441144,-15.925597270300129
6.451757568,1.0001809676953777,-16.02978523091013
6.454749184,1.000318620357044,-16.136047835060406
6.457741312,1.0004367025337413,-16.244225628456974
6.460732928,1.0005279271730987,-16.353907824268422
6.463724544,1.0005863556325625,-16.46469380123042
6.466716672,1.0006085902339306,-16.57605090245021
6.469708288,1.000592859126038,-16.687499233337743
6.472699904,1.0005404672072495,-16.798459050850404
6.475692032,1.0004546712834492,-16.908462557102137
6.478683648,1.0003406192700621,-17.01705591927146
6.481675264,1.0002055121163178,-17.123804290357935
6.484667392,1.0000579928772968,-17.228557290230658
6.487659008,0.9999071860279659,-17.331194650783633
6.490650624,0.9997624415144678,-17.4316809955671
6.49364224,0.9996330675915023,-17.530230500330738
6.496634368,0.9995270811972181,-17.62709766056952
6.499625984,0.9994512579207838,-17.72263104069831
6.5026176,0.9994102487223911,-17.817326339501157
6.505609728,0.9994067437654138,-17.911752873876992
6.508601344,0.9994409010835159,-18.006385530030485
6.51159296,0.9995107179827808,-18.10180528146886
6.514585088,0.9996117138323766,-18.19848871776897
6.517576704,0.9997376136700975,-18.296810347517646
6.52056832,0.9998803905281426,-18.397107245244417
6.523560448,1.0000311728560685,-18.499534717268606
6.526552064,1.0001805429957904,-18.604165226715715
6.52954368,1.0003190530832178,-18.710886771700864
6.532535296,1.0004379900584703,-18.819515734419912
6.535527424,1.0005299229212705,-18.929637730314255
6.53851904,1.0005890871796492,-19.040918212331114
6.541510656,1.0006116928065718,-19.152775840601297
6.544502784,1.0005964308044337,-19.264730015955404
6.5474944,1.0005441823843613,-19.376215524395715
6.550486016,1.0004580926110669,-19.486707849147106
6.553478144,1.0003436275725877,-19.595780532564312
6.55646976,1.0002080004929128,-19.703059783012037
6.559461376,1.000059781215083,-19.808300806615392
6.562453504,0.9999079870032384,-19.91139027015058
6.56544512,0.9997624410396516,-20.01237929773983
6.568436736,0.9996320978917532,-20.11136626013438
6.571428352,0.9995253339214636,-20.208620691674323
6.57442048,0.9994486945215939,-20.304592666703687
6.577412096,0.9994070925003694,-20.399715025262715
6.580403712,0.9994031670787166,-20.494530822773218
6.58339584,0.9994371724338175,-20.589587491550223
6.586387456,0.9995069709517037,-20.68542699029031
6.589379072,0.9996081781702636,-20.78251236699444
6.5923712,0.9997345424672793,-20.881220248842443
6.595362816,0.9998779596402644,-20.98196011084131
6.598354432,1.0000295680667506,-21.084805338780097
6.601346048,1.0001797813735025,-21.189874850283825
6.604338176,1.0003192783272072,-21.29706437554357
6.607329792,1.0004390975804944,-21.40615005812732
6.610321408,1.0005319144835447,-21.51675367753014
6.613313536,1.0005917383759773,-21.628515174329532
6.616305152,1.000614880314117,-21.740898939612258
6.619296768,1.0005999571580462,-21.853344210212164
6.622288896,1.0005478139747148,-21.96536276318527
6.625280512,1.0004616204669767,-22.07634950062442
6.628272128,1.0003468912703293,-22.185911829382327
6.631264256,1.0002106939386104,-22.293725482395764
6.634255872,1.000061637380275,-22.399458590680574
6.637247488,0.9999091168274763,-22.503014404359618
6.640239104,0.999762516209238,-22.604460526473996
6.643231232,0.9996313621460293,-22.70393172624158
6.646222848,0.9995236423267505,-22.80163750048509
6.649214464,0.9994462763686479,-22.898048444009277
6.652206592,0.9994039834260433,-22.993572694289103
6.655198208,0.999399643284299,-23.088798569992
6.658189824,0.9994333718488838,-23.184263996740658
6.661181952,0.9995032698767061,-23.28048921010188
6.664173568,0.9996046286072159,-23.37801022339795
6.667165184,0.9997315559450398,-23.477173951764776
6.670157312,0.999875729186273,-23.57827748496799
6.673148928,1.0000280595966182,-23.681566598339185
6.676140544,1.0001790923985485,-23.787102938785697
6.67913216,1.000319571547028,-23.894740166646493
6.682124288,1.0004404673801834,-24.004266473112903
6.685115904,1.0005340530930649,-24.115393564388782
6.68810752,1.0005946211523047,-24.227666106166133
6.691099648,1.0006184030475573,-24.340553679329243
6.694091264,1.0006036758742087,-24.453530758224872
6.69708288,1.0005517567670847,-24.56601929702995
6.700075008,1.0004653700739201,-24.677544093539105
6.703066624,1.000350285102551,-24.787647664182693
6.70605824,1.000213520313767,-24.895941982355726
6.709050368,1.0000638231682362,-25.002165084744547
6.712041984,0.9999104149447302,-25.10626555489238
6.7150336,0.9997629202730642,-25.208173246940717
6.718025216,0.9996306061819525,-25.30807492265662
6.721017344,0.999522088768382,-25.40622335943072
6.72400896,0.9994437809242035,-25.50310735759124
6.727000576,0.9994010185181605,-25.599045890922383
6.729992704,0.9993960357418971,-25.694738540731862
6.73298432,0.9994295554053392,-25.79057723877327
6.735975936,0.9994993319610027,-25.887223541692865
6.738968064,0.9996011199336766,-25.985110687561196
6.74195968,0.9997282823214839,-26.084713268658412
6.744951296,0.9998730730612594,-26.186247927094517
6.747942912,1.0000263852984042,-26.289996366478665
6.75093504,1.0001783134854858,-26.39597031072784
6.753926656,1.0003198131800328,-26.504092610271723
6.756918272,1.0004414847325331,-26.61409024341308
6.7599104,1.0005360684475886,-26.72570655925436
6.762902016,1.0005975075852316,-26.83848061068094
6.765893632,1.000621834472683,-26.951888110580455
6.76888576,1.0006076042438043,-27.065382629562706
6.771877376,1.0005556931550836,-27.178409340111582
6.774868992,1.00046936553297,-27.290470599344957
6.77786112,1.0003538281035609,-27.401111081139845
6.780852736,1.0002166024719046,-27.509882666892576
6.783844352,1.0000660828231656,-27.61665628397074
6.786835968,0.9999117414998175,-27.721219792935532
6.789828096,0.9997632488358602,-27.823585755934253
6.792819712,0.9996300568088078,-27.923993845538977
6.795811328,0.9995205190451714,-28.022623733395967
6.798803456,0.9994414155398363,-28.11990831364738
6.801795072,0.9993977033867943,-28.216337859674372
6.804786688,0.9993922914895825,-28.312400093062884
6.807778816,0.999425562287716,-28.40868129047789
6.810770432,0.9994953042777285,-28.50575125624723
6.813762048,0.9995972054292486,-28.604059422768486
6.816754176,0.9997248969986277,-28.704048820724914
6.819745792,0.9998703137125382,-28.80603856515649
6.822737408,1.000024487986558,-28.910203100391616
6.825729024,1.0001774232807297,-29.016646557889427
6.828721152,1.0003198105169764,-29.12522339075807
6.831712768,1.0004426028280438,-29.235722808645054
6.834704384,1.0005381542612595,-29.347825889748098
6.837696512,1.000600400362604,-29.46109059043294
6.840688128,1.000625385518692,-29.575027150877713
6.843679744,1.0006116089657797,-29.68903603990886
6.846671872,1.0005597649993396,-29.802636443797994
6.849663488,1.000473424569639,-29.91523628763555
6.852655104,1.000357639411009,-30.026355400545707
6.85564672,1.000219721212511,-30.135719821414302
6.858638848,1.000068444677896,-30.2429821763871
6.861630464,0.9999131850435355,-30.34807011190093
6.86462208,0.9997637230406303,-30.45096067554528
6.867614208,0.9996295710024821,-30.551822448697813
6.870605824,0.9995189291102787,-30.65090550339329
6.87359744,0.9994389353273637,-30.748645422040962
6.876589568,0.9993944919640891,-30.845482109441594
6.879581184,0.9993886526943466,-30.941971000115984
6.8825728,0.9994214812713064,-31.03868016909236
6.885564928,0.9994910854035627,-31.13618378447901
6.888556544,0.9995932795655765,-31.234918821100106
6.89154816,0.9997212872896218,-31.335343837198845
6.894539776,0.9998675204160884,-31.437765995203666
6.897531904,1.0000224087252543,-31.542378042901017
6.90052352,1.0001764293576494,-31.649267562842024
6.903515136,1.0003198828490687,-31.75832020593701
6.906507264,1.0004437020600072,-31.8693107222398
6.90949888,1.000540151921323,-31.98194953238271
6.912490496,1.0006032161143141,-32.09570659273477
6.915482624,1.0006289864703168,-32.21016997117079
6.91847424,1.0006156237957091,-32.324707324593
6.921465856,1.000564037286093,-32.43883467791057
6.924457984,1.0004775340148098,-32.55196518842458
6.9274496,1.0003615170171,-32.66368567166085
6.930441216,1.0002230239526724,-32.77356647659866
6.933432832,1.0000709785013213,-32.88134641060267
6.93642496,0.9999148757626968,-32.9869575072587
6.939416576,0.9997643906654582,-33.09031256059831
6.942408192,0.9996290703043188,-33.191684104145835
6.94540032,0.9995173061235723,-33.29123064141731
6.948391936,0.9994363756729973,-33.389424742698814
6.951383552,0.9993911529586679,-33.48672745722225
6.95437568,0.9993846157537687,-33.58365201808306
6.957367296,0.9994171415865954,-33.68078357059644
6.960358912,0.9994867978703106,-33.778724293056285
6.96335104,0.9995889835067248,-33.87783664927461
6.966342656,0.9997175430571759,-33.97871527225564
6.969334272,0.9998643477244062,-34.08154544370189
6.972325888,1.000020093885408,-34.18665720455829
6.975318016,1.000175103298798,-34.29397909545645
6.978309632,1.0003194971589693,-34.40353017933283
6.981301248,1.0004445267762283,-34.51499976059624
6.984293376,1.00054208587679,-34.628149922344505
6.987284992,1.00060606898731,-34.74242940265946
6.990276608,1.0006324873361878,-34.857410680577765
6.993268736,1.000619612500233,-34.972512911575315
6.996260352,1.0005683594532693,-35.08718828647076
6.999251968,1.0004818658317605,-35.20089157088082
7.002243584,1.000365442941211,-35.313109977309445
7.005235712,1.0002265697809303,-35.423555117387586
7.008227328,1.00007382489029,-35.531867380488926
7.011218944,0.9999166253060154,-35.637999726043944
7.014211072,0.9997650574487135,-35.74189008283266
7.017202688,0.9996286437186833,-35.84370185939145
7.020194304,0.9995158224965675,-35.943763244874056
7.023186432,0.999433879395248,-36.04241548042135
7.026178048,0.9993878698641109,-36.14014323864136
7.029169664,0.9993807709900624,-36.23751084452356
7.032161792,0.9994128523833624,-36.335067111146735
7.035153408,0.9994822481997084,-36.433419841764575
7.038145024,0.9995846455156283,-36.532999443286386
7.04113664,0.9997136600293746,-36.634285662203844
7.044128768,0.9998610806367552,-36.73759819266515
7.047120384,1.000017812068994,-36.84308621484568
7.050112,1.000173793981341,-36.950923785502674
7.053104128,1.0003194984038493,-37.06094223940024
7.056095744,1.0004455992071268,-37.172903544480306
7.05908736,1.0005441550133858,-37.28653402722844
7.062079488,1.0006090107584238,-37.401402649583346
7.065071104,1.0006363279473964,-37.51691692868714
7.06806272,1.0006238832305447,-37.632562279318634
7.071054848,1.000572998357003,-37.74780291699043
7.074046464,1.0004864456874576,-37.86202567396074
7.07703808,1.000369798980971,-37.974833108736014
7.080029696,1.0002302757433368,-38.08580499316933
7.083021824,1.0000765972251144,-38.19468610047954
7.08601344,0.9999185500774418,-38.30132407975097
7.089005056,0.9997659834745679,-38.40575477086488
7.091997184,0.9996283052292475,-38.50808719766737
7.0949888,0.9995144357218771,-38.60859849125662
7.097980416,0.999431482964473,-38.70773070328679
7.100972544,0.9993844886387069,-38.80592481053615
7.10396416,0.9993766665903006,-38.90372034246513
7.106955776,0.9994082407315229,-39.00172718755099
7.109947392,0.9994775741563356,-39.10049987710404
7.11293952,0.9995801979341142,-39.20050842975991
7.115931136,0.999709416694175,-39.30224759131571
7.118922752,0.9998576843527812,-39.405956813763645
7.12191488,1.0000152405169975,-39.51193144868606
7.124906496,1.0001724351485595,-39.62022367872434
7.127898112,1.0003191613097246,-39.73070796352346
7.13089024,1.0004464364622707,-39.84321357727071
7.133881856,1.0005461328221164,-39.95733630251959
7.136873472,1.0006120359773207,-40.07274636624008
7.1398656,1.0006400744810076,-40.18883717967097
7.142857216,1.0006283455408842,-40.305024625770514
7.145848832,1.000577607002267,-40.42078896297215
7.148840448,1.0004912835385813,-40.535614934969814
7.151832576,1.0003741753466986,-40.64897714724851
7.154824192,1.0002341099916956,-40.7605325618348
7.157815808,1.0000798280697365,-40.86994539296495
7.160807936,0.9999206757004293,-40.97710575910116
7.163799552,0.9997669485225434,-41.082051001711
7.166791168,0.9996281888444492,-41.18488870047544
7.169783296,0.9995130261342985,-41.285910475877046
7.172774912,0.9994289241965324,-41.38550210428284
7.175766528,0.9993810161301443,-41.484140036851485
7.178758656,0.999372507164524,-41.58242290045102
7.181750272,0.9994036646023154,-41.68087766811342
7.184741888,0.9994728016491682,-41.780065763557204
7.187733504,0.9995755503226832,-41.88051137495798
7.190725632,0.999705415707853,-41.98264631033395
7.193717248,0.9998541545920426,-42.08684609351279
7.196708864,1.0000126502696314,-42.193288392020314
7.199700992,1.0001707101337878,-42.302008927221884
7.202692608,1.0003186143040774,-42.41299586985716
7.205684224,1.000447161356271,-42.526006360061544
7.208676352,1.0005480967290061,-42.64067635429891
7.211667968,1.000614973076475,-42.75658500330897
7.214659584,1.0006438806885538,-42.87321412351081
7.217651712,1.0006327656102019,-42.989995979593274
7.220643328,1.0005825965742583,-43.106319039225106
7.223634944,1.0004959021028423,-43.221721378625695
7.22662656,1.0003787544449612,-43.33569003153025
7.229618688,1.0002381822058815,-43.44776590613549
7.232610304,1.0000829875409085,-43.557725561911084
7.23560192,0.9999229845638696,-43.665482789103315
7.238594048,0.9997679424981686,-43.77093481494323
7.241585664,0.999627983701223,-43.87427225914308
7.24457728,0.9995116584032502,-43.97581302590951
7.247569408,0.9994264281161566,-44.07584908762576
7.250561024,0.9993776506798302,-44.174974903076446
7.25355264,0.9993682502168798,-44.273684632191795
7.256544256,0.9993989531369163,-44.372598063808006
7.259536384,0.9994677998824152,-44.47220751022263
7.262528,0.9995706893934856,-44.57308700832211
7.265519616,0.9997009913825768,-44.67569500442453
7.268511744,0.9998503337654844,-44.78033961781742
7.27150336,1.0000096749084244,-44.887228151851794
7.274494976,1.0001690779765917,-44.99643630380801
7.277487104,1.0003181110695314,-45.10790410195622
7.28047872,1.000447804301162,-45.22142883943881
7.283470336,1.0005500273520758,-45.33660197495772
7.286462464,1.0006181184321508,-45.45306194197673
7.28945408,1.000647900866221,-45.570244099403844
7.292445696,1.000637479416055,-45.6875940958539
7.295437312,1.0005876126996247,-45.80453462981693
7.29842944,1.000501087235473,-45.92050042920313
7.301421056,1.000383632392798,-46.03502041206948
7.304412672,1.0002425406898483,-46.147695783814065
7.3074048,1.0000864446443893,-46.25823812035772
7.310396416,0.9999254481710783,-46.366531446522814
7.313388032,0.999769365378298,-46.47249183290514
7.31638016,0.9996279710760704,-46.576400912305935
7.319371776,0.999510459593204,-46.678394941759464
7.322363392,0.99942408988995,-46.778965530033155
7.32535552,0.9993740473603738,-46.878552592704104
7.328347136,0.9993639109903094,-46.97770635998334
7.331338752,0.9993941598024447,-47.07703556260522
7.334330368,0.9994628692543758,-47.17710086884845
7.337322496,0.999565546351837,-47.2784307668283
7.340314112,0.9996963002529577,-47.38145466329371
7.343305728,0.9998463897826355,-47.48655312798581
7.346297856,1.0000068018406383,-47.593912576371714
7.349289472,1.0001671263356164,-47.70357945547949
7.352281088,1.000317576042432,-47.81553051724267
7.355273216,1.0004485245123362,-47.92959431873601
7.358264832,1.0005519263487808,-48.045282667334156
7.361256448,1.0006211628586357,-48.16230266465602
7.364248064,1.0006518546480443,-48.280069771903605
7.367240192,1.000642240729912,-48.397961213151554
7.370231808,1.000592628605502,-48.51547809611648
7.373223424,1.0005063626173463,-48.63206882595169
7.376215552,1.0003886208013142,-48.74715336109394
7.379207168,1.0002468873540005,-48.86041777164394
7.382198784,1.000090062086171,-48.97152635814615
7.385190912,0.9999279631956873,-49.08036750104743
7.388182528,0.9997705993376157,-49.18691625911958
7.391174144,0.9996281698661662,-49.291287916301734
7.394166272,0.9995091733871201,-49.39382417031574
7.397157888,0.9994215091677934,-49.494885885581745
7.400149504,0.9993705613990594,-49.59490350098284
7.40314112,0.9993594320962236,-49.69456390409166
7.406133248,0.999389170325704,-49.794306135464645
7.409124864,0.9994574042478913,-49.894847728724265
7.41211648,0.9995603897467462,-49.996586775960715
7.415108608,0.9996913152334612,-50.10009367693462
7.418100224,0.9998422753230582,-50.20560523745093
7.42109184,1.0000035096905555,-50.31344890649903
7.424083968,1.0001650362962842,-50.42358881671132
7.427075584,1.000316768264345,-50.53608141814764
7.4300672,1.0004489447831024,-50.65060522069749
7.433059328,1.0005537648709475,-50.76684904624844
7.436050944,1.0006241529926738,-50.88441392578507
7.43904256,1.0006559563645046,-51.002726563137735
7.442034176,1.0006468942310167,-51.12121850364462
7.445026304,1.0005978047636306,-51.23933397998486
7.44801792,1.0005115488413239,-51.35650812025102
7.451009536,1.000393718533408,-51.47220222779239
7.454001664,1.0002515087615984,-51.58603350893627
7.45699328,1.0000938160631936,-51.69772513651256
7.459984896,0.9999306393205226,-51.80713402221236
7.462977024,0.999772059081643,-51.91423829288215
7.46596864,0.9996282055415191,-52.01915254225343
7.468960256,0.9995079629609587,-52.122186255424104
7.471952384,0.999418991053368,-52.22374492393986
7.474944,0.9993667989365034,-52.32427190549169
7.477935616,0.999354920116188,-52.424343230757415
7.480927232,0.9993838894747252,-52.524566666320624
7.48391936,0.9994520715680661,-52.62549867019343
7.486910976,0.9995549542597566,-52.727709248685834
7.489902592,0.9996862980650666,-52.83164012496845
7.49289472,0.9998378666026755,-52.937624741119464
7.495886336,1.0000000417787627,-53.0459380043754
7.498877952,1.0001628870700885,-53.15657868585845
7.50187008,1.0003157795995634,-53.2695459476824
7.504861696,1.0004495568657674,-53.38454858716541
7.507853312,1.000555588002291,-53.501370813814404
7.510844928,1.0006272874645112,-53.61947330265312
7.513837056,1.000659970454992,-53.738373726118034
7.516828672,1.0006517785056466,-53.857480969393116
7.519820288,1.00060316355408,-53.976161234525804
7.522812416,1.0005171984928571,-54.09392657297
7.525804032,1.0003990884010474,-54.21020565212114
7.528795648,1.0002563169200862,-54.3246808912084
7.531787776,1.0000978573411725,-54.436925638739645
7.534779392,0.9999335603847609,-54.5469282498081
7.537771008,0.999773736718652,-54.65455295089384
7.540763136,0.9996284494076266,-54.760051465178165
7.543754752,0.9995067135301899,-54.86358177700318
7.546746368,0.9994164654684551,-54.96560882015597
7.549737984,0.999363222604787,-55.06663711440181
7.552730112,0.9993502474125412,-55.16718083436755
7.555721728,0.9993786825427329,-55.26786162779762
7.558713344,0.999446327254948,-55.36923578625421
7.561705472,0.9995493495477378,-55.47191755362093
7.564697088,0.9996810946783189,-55.576263347708704
7.567688704,0.9998333237184012,-55.682696261245226
7.570680832,0.9999966281399623,-55.79146652810008
7.573672448,1.000160460224378,-55.90259281646916
7.576664064,1.0003148477776473,-56.01603802883803
7.579656192,1.0004499419629334,-56.1316306014239
7.582647808,1.0005573166732618,-56.248975824992954
7.585639424,1.0006303589492573,-56.367602878358475
7.58863104,1.0006642439741846,-56.48710667932728
7.591623168,1.000656970460614,-56.606784796080184
7.594614784,1.0006089301897512,-56.726066403395706
7.5976064,1.0005230696360372,-56.844442359792275
7.600598528,1.000404750181461,-56.96136417778941
7.603590144,1.000261450842758,-57.07640649244609
7.60658176,1.0001021301328774,-57.18926172191829
7.609573888,0.9999367268945941,-57.29981760187677
7.612565504,0.9997755775548972,-57.40804110574686
7.61555712,0.9996288903830759,-57.514039828582774
7.618548736,0.9995058143470056,-57.618116716349036
7.621540864,0.9994141191591341,-57.72064910004316
7.62453248,0.9993595574793953,-57.82215495408237
7.627524096,0.999345622623292,-57.9231634816598
7.630516224,0.9993731771712293,-58.02429544731272
7.63350784,0.999440531475515,-58.12614185003725
7.636499456,0.9995435823814477,-58.22922586477684
7.639491584,0.9996757373828661,-58.334029695092354
7.6424832,0.9998284877977346,-58.44096806609595
7.645474816,0.9999926930106494,-58.55015042627965
7.648466944,1.0001578836848382,-58.661770890758376
7.65145856,1.0003137280743613,-58.77572835408427
7.654450176,1.0004502280394598,-58.89181485403059
7.657441792,1.0005591296931249,-59.00972505696611
7.66043392,1.0006334406400557,-59.12894013381241
7.663425536,1.0006684703188515,-59.249010122244854
7.666417152,1.000662036333538,-59.369265533920114
7.66940928,1.0006144450749148,-59.48919666639369
7.672400896,1.000528952784631,-59.60817356351523
7.675392512,1.0004104264216453,-59.72568845109377
7.67838464,1.0002666714852269,-59.84133489457381
7.681376256,1.0001064245480213,-59.954829658091924
7.684367872,0.9999398889140271,-60.0659819471007
7.68736,0.9997775760884966,-60.17472113661859
7.690351616,0.9996293378158366,-60.28127896266544
7.693343232,0.9995047509372741,-60.38590060319636
7.696334848,0.9994116160347423,-60.488927784592164
7.699326976,0.9993558093375603,-60.590878930168046
7.702318592,0.9993408809837901,-60.692403069817225
7.705310208,0.9993676601617265,-60.793966139790804
7.708302336,0.9994345616409374,-60.89628134119052
7.711293952,0.9995375994085623,-60.99980531820293
7.714285568,0.9996700230898103,-61.105084169626096
7.717277696,0.9998235464504501,-61.212422690866674
7.720269312,0.9999888913383371,-61.32208076434975
7.723260928,1.0001551335974,-61.4341780674883
7.726253056,1.0003124231136458,-61.54865622272869
7.729244672,1.0004505154985437,-61.6652729822833
7.732236288,1.0005609003751832,-61.783704089654
7.735227904,1.0006366235073267,-61.90348719787883
7.738220032,1.0006727537145754,-62.02414228684424
7.741211648,1.0006673255772842,-62.145031092134026
7.744203264,1.0006204831932273,-62.26554037191369
7.747195392,1.0005351177088881,-62.385143616338524
7.750187008,1.0004165973223476,-62.50328289210295
7.753178624,1.0002721615515642,-62.61953773175208
7.756170752,1.0001112389210969,-62.733636503015525
7.759162368,0.9999435987313158,-62.84536565733261
7.762153984,0.9997797280935434,-62.95471659822549
7.7651456,0.9996300231483566,-63.06180744628809
7.768137728,0.9995038577190672,-63.166953453371015
7.771129344,0.9994092886921694,-63.2705073202161
7.77412096,0.9993521521277736,-63.37296383717324
7.777113088,0.9993360434657311,-63.474919760680166
7.780104704,0.9993619953805636,-63.576990800001724
7.78309632,0.9994284460831748,-63.67970879219326
7.786088448,0.9995312595307534,-63.783704673809304
7.789080064,0.999664114581285,-63.889409969127364
7.79207168,0.9998183393462342,-63.99719862003611
7.795063808,0.9999846546702318,-64.10734593625835
7.798055424,1.000152349162398,-64.21992901292496
7.80104704,1.0003109500386322,-64.33491649978532
7.804038656,1.0004505377515003,-64.4520417452325
7.807030784,1.000562557992436,-64.57100187494919
7.8100224,1.0006396122213792,-64.69138560865275
7.813014016,1.0006772087033031,-64.81260910523268
7.816006144,1.0006727337250447,-64.93410033407642
7.81899776,1.0006264504753244,-65.05523958351772
7.821989376,1.0005414430647324,-65.1754445669907
7.824981504,1.0004227142189042,-65.29423280584173
7.82797312,1.0002779480613393,-65.41110280083511
7.830964736,1.0001160320090607,-65.52580901707019
7.833956864,0.9999471133547648,-65.63813675481522
7.83694848,0.9997819082338766,-65.74806532319978
7.839940096,0.9996307319792236,-65.85574608674182
7.842931712,0.9995030028959343,-65.96141107186688
7.84592384,0.9994067408462846,-66.06548211123086
7.848915456,0.999348263350932,-66.1684288260752
7.851907072,0.9993309939829215,-66.2708662178516
7.8548992,0.9993560639640732,-66.37336913742523
7.857890816,0.9994221242561434,-66.47656561709994
7.860882432,0.9995248638597479,-66.58098795127306
7.86387456,0.999657901431179,-66.68715227495098
7.866866176,0.9998128635310675,-66.79540172409183
7.869857792,0.9999801168474014,-66.90600604757111
7.872849408,1.000149181449981,-67.01906155341938
7.875841536,1.000309250832749,-67.13454042973153
7.878833152,1.00045057332125,-67.25222320583437
7.881824768,1.0005642100015495,-67.3717268417653
7.884816896,1.0006427781167087,-67.49265583990493
7.887808512,1.0006815747917632,-67.61448028186075
7.890800128,1.0006782239052727,-67.73657071482322
7.893792256,1.0006327626859826,-67.85834451763384
7.896783872,1.000547798609321,-67.97919764265302
7.899775488,1.0004291351798433,-68.09857797769493
7.902767616,1.0002838251871295,-68.21610758032155
7.905759232,1.0001210386096022,-68.33140625548063
7.908750848,0.999951043940513,-68.44435004270576
7.911742464,0.9997843587270244,-68.55487466478455
7.914734592,0.9996315664104056,-68.66308869931943
7.917726208,0.9995021307458362,-68.76929269432324
7.920717824,0.9994044284559678,-68.87388487721341
7.923709952,0.9993442760015729,-68.97734555387852
7.926701568,0.9993259037601656,-69.0802375703746
7.929693184,0.9993501747904034,-69.18320812206423
7.932685312,0.9994156474028406,-69.28685043713938
7.935676928,0.9995181730432816,-69.39171633140437
7.938668544,0.9996514981788591,-69.4983122440569
7.941660672,0.9998072380761366,-69.60702515271169
7.944652288,0.9999754781421727,-69.71809691547803
7.947643904,1.0001458645922066,-69.83165974584348
7.95063552,1.0003075943992887,-69.94760612478979
7.953627648,1.000450547129692,-70.06580454467094
7.956619264,1.0005657110238486,-70.18587969435383
7.95961088,1.0006459320310932,-70.30739874448285
7.962603008,1.0006861214645186,-70.42980410367844
7.965594624,1.0006837858261277,-70.55250651859654
7.96858624,1.0006391192405788,-70.67489790777893
7.971578368,1.0005546959100995,-70.79639939772666
7.974569984,1.0004357938795276,-70.91642798884057
7.9775616,1.0002900770716832,-71.03456354018711
7.980553728,1.0001264153342,-71.15051828894768
7.983545344,0.9999551708439716,-71.26407106668812
7.98653696,0.9997870847980042,-71.37516206776958
7.989528576,0.9996326920827675,-71.48395508632058
7.992520704,0.9995014432460935,-71.59071435102558
7.99551232,0.9994019844319401,-71.69582476964648
7.998503936,0.9993404571072644,-71.799752917023
8.001496064,0.9993207045699493,-71.90311311045605
8.00448768,0.999344083219848,-72.00657291040663
8.007479296,0.9994088728770552,-72.11065997136238
8.010471424,0.9995114225377068,-72.21594639639845
8.01346304,0.999644854438623,-72.32299166452003
8.016454656,0.9998012624681297,-72.43217276282282
8.019446272,0.9999706738238794,-72.54370968061741
8.0224384,1.0001424129260772,-72.6577328385565
8.025430016,1.00030557137455,-72.77421735525513
8.028421632,1.000450321443734,-72.89291971775741
8.03141376,1.000567232495185,-73.01354472424971
8.034405376,1.0006491696042672,-73.13561986414564
8.037396992,1.000690765338664,-73.2586351920679
8.04038912,1.0006895817316732,-73.38196063249715
8.043380736,1.0006457120581216,-73.50497641372381
8.046372352,1.0005616817819198,-73.62709087035458
8.04936448,1.0004428197656243,-73.74777679490137
8.052356096,1.0002964767806706,-73.86659195696744
8.055347712,1.000131995893862,-73.98311316441425
8.058339328,0.9999594220286108,-74.09730818135525
8.061331456,0.9997898336207184,-74.20900582863383
8.064323072,0.9996336958929446,-74.31836619029306
8.067314688,0.9995008446353726,-74.42567989762117
8.070306816,0.9993997169854372,-74.53128884957016
8.073298432,0.9993365505442073,-74.63574269215648
8.076290048,0.9993155118165735,-74.73959782804071
8.079282176,0.9993377016999413,-74.84347193800285
8.082273792,0.99940203015193,-74.94800561008294
8.085265408,0.9995041766385991,-75.053769457371
8.088257536,0.9996380542614254,-75.16124033803504
8.091249152,0.9997951355224506,-75.27085236440435
8.094240768,0.9999655935480974,-75.382854841981
8.097232384,1.0001386407704451,-75.49736814860717
8.100224512,1.0003035912689877,-75.61432126319326
8.103216128,1.0004500689764595,-75.73354988547986
8.106207744,1.0005687613420584,-75.85473289385915
8.109199872,1.000652273923845,-75.97742834987439
8.112191488,1.0006954429390178,-76.10102267783932
8.115183104,1.000695503969965,-76.22496834187433
8.118175232,1.0006524325448807,-76.34860319444824
8.121166848,1.00056879467636,-76.47139772444646
8.124158464,1.0004499084062444,-76.59269980998296
8.127150592,1.000303189586282,-76.71213902592332
8.130142208,1.000137691205831,-76.8293319211475
8.133133824,0.9999639910146028,-76.94412064489883
8.13612544,0.9997928917699512,-77.0564189554102
8.139117568,0.9996350796218805,-77.16634792342062
8.142109184,0.9995003404853973,-77.27419604009287
8.1451008,0.9993973137375707,-77.38034909853343
8.148092928,0.9993325333962008,-77.4853056930608
8.151084544,0.9993100358566175,-77.58964168273964
8.15407616,0.999331256521616,-77.69399331079143
8.157068288,0.999394785496401,-77.79894767825213
8.160059904,0.9994968515913527,-77.90514090412125
8.16305152,0.9996309757400025,-78.01305923898244
8.166043136,0.9997886889372203,-78.12312100596773
8.169035264,0.9999602101066182,-78.23557260622134
8.17202688,1.0001347304779378,-78.3505551313288
8.175018496,1.0003012770199213,-78.46804589853286
8.178010624,1.0004494507916055,-78.5877964499727
8.18100224,1.0005700282073662,-78.70949659681223
8.183993856,1.0006553673974092,-78.8327577527749
8.186985984,1.0007001331733192,-78.95696558226125
8.1899776,1.0007014037676714,-79.08152172911522
8.192969216,1.0006592523387905,-79.20581365050644
8.195961344,1.0005760920507152,-79.32922627258938
8.19895296,1.0004572842434298,-79.4512144568077
8.201944576,1.0003100505971558,-79.57128594078965
8.204936192,1.0001438267192437,-79.68912173204365
8.20792832,0.9999688092164918,-79.8045084949633
8.210919936,0.9997961239320021,-79.91742748535142
8.213911552,0.9996364421524283,-80.02794475301798
8.21690368,0.9994998446026911,-80.13636108436921
8.219895296,0.9993951920843882,-80.24303187112069
8.222886912,0.9993287189849818,-80.34845723676264
8.22587904,0.9993046017104154,-80.45326186266416
8.228870656,0.9993247558781172,-80.55806390058613
8.231862272,0.9993875763077559,-80.66349349760209
8.2348544,0.9994893926296146,-80.77012918591969
8.237846016,0.9996236906346766,-80.8784726778289
8.240837632,0.9997820181787193,-80.98896820079572
8.243829248,0.9999546334152948,-81.10189631146032
8.246821376,1.0001306536345396,-81.21735487282224
8.249812992,1.000298942913042,-81.33530008713785
8.252804608,1.0004489689418958,-81.45560123956936
8.255796736,1.0005713600613542,-81.57788852817488
8.258788352,1.0006586704344398,-81.70170687825326
8.261779968,1.0007049736591658,-81.82650126357474
8.264772096,1.0007076068798362,-81.95168078699645
8.267763712,1.0006664642200231,-82.07660653503768
8.270755328,1.0005837139497378,-82.20067882775756
8.273746944,1.0004649026824732,-82.32330438666652
8.276739072,1.0003173770198155,-82.44403184968995
8.279730688,1.0001501263447954,-82.56252692345181
8.282722304,0.9999739668260516,-82.67855380044662
8.285714432,0.9997995224962388,-82.79205426865704
8.288706048,0.9996380975995404,-82.90314862502703
8.291697664,0.9994996743933284,-83.0121033499443
8.294689792,0.9993929811159591,-83.11931093633999
8.297681408,0.9993246219362888,-83.22525628400211
8.300673024,0.9992991000027116,-83.33054241638457
8.303665152,0.9993180089384753,-83.4357948441411
8.306656768,0.9993800110758122,-83.54164507620426
8.309648384,0.9994815178690879,-83.64872207026872
8.31264,0.999615998419844,-83.75751356000254
8.315632128,0.9997751059650686,-83.86842710414398
8.318623744,0.9999488679786649,-83.9818121529239
8.32161536,1.0001262300219782,-84.0977219941479
8.324607488,1.0002961710558116,-84.21620391131862
8.327599104,1.000448306406984,-84.33698515504932
8.33059072,1.000572763070834,-84.45982932409329
8.333582848,1.0006617917180316,-84.58421623598447
8.336574464,1.000709758826783,-84.70964390739252
8.33956608,1.0007138270865856,-84.83542415977102
8.342558208,1.0006735513166147,-84.96099653786959
8.345549824,1.0005915588062475,-85.08572850220425
8.34854144,1.0004728224947683,-85.20899242386693
8.351533056,1.000324741052554,-85.3304036185406
8.354525184,1.0001566177982113,-85.44953976546822
8.3575168,0.9999790861980462,-85.56618475248412
8.360508416,0.9998030609708733,-85.68029228236573
8.363500544,0.9996398186935148,-85.79199403216306
8.36649216,0.9994993788273441,-85.9014851822731
8.369483776,0.9993905759667392,-86.00921959066211
8.372475904,0.9993205019210873,-86.11565958209877
8.37546752,0.9992933743861703,-86.2214288406123
8.378459136,0.999311066118873,-86.32712988332109
8.381451264,0.9993722990186938,-86.43342352127766
8.38444288,0.9994734719748269,-86.54093425346296
8.387434496,0.9996080303856552,-86.65016301486207
8.390426112,0.9997677299107306,-86.76152072189254
8.39341824,0.9999426948185288,-86.87531735173067
8.396409856,1.0001215006250217,-86.99172151737542
8.399401472,1.0002934438258984,-87.11066518968305
8.4023936,1.0004472967410207,-87.23199550699783
8.405385216,1.000573827640213,-87.35536296383866
8.408376832,1.0006649063683908,-87.48032400170617
8.41136896,1.0007146192811713,-87.60633755143886
8.414360576,1.0007201905234377,-87.73278084090562
8.417352192,1.00068098543074,-87.85898521037532
8.420343808,1.0005996227250669,-87.98435068272497
8.423335936,1.0004809986208751,-88.10830229171523
8.426327552,1.0003325025754835,-88.23034348786351
8.429319168,1.0001635253450292,-88.35011916835602
8.432311296,0.9999846548725909,-88.46741090939757
8.435302912,0.9998070360950229,-88.58216273698454
8.438294528,0.999641707741911,-88.69442509189763
8.441286656,0.9994993396581381,-88.80447303618291
8.444278272,0.9993885695178872,-88.91272029326818
8.447269888,0.9993164555591508,-89.0196725745053
8.450262016,0.9992877200533726,-89.12590837458951
8.453253632,0.9993039874074368,-89.2320685401475
8.456245248,0.9993643402504622,-89.33880752444864
8.459236864,0.9994651522015472,-89.44674221933444
8.462228992,0.9995999737661644,-89.55638253979016
8.465220608,0.9997603483689785,-89.66816277832321
8.468212224,0.9999362798138163,-89.7824297477426
8.471204352,1.0001167012587784,-89.8992863015452
8.474195968,1.0002903280908635,-90.01873410575939
8.477187584,1.000446350409391,-90.14057259229297
8.480179712,1.000574875750509,-90.26445684146724
8.483171328,1.0006678652480736,-90.38999893205111
8.486162944,1.0007195786594711,-90.51663371661839
8.489155072,1.000726669374656,-90.64368067010552
8.492146688,1.0006884414740476,-90.77052402096592
8.495138304,1.0006077986832624,-90.8965489894635
8.49812992,1.0004892322459893,-91.02118313467992
8.501122048,1.0003404906589655,-91.14386723028235
8.504113664,1.000170651941083,-91.2642963893945
8.50710528,0.9999903903881167,-91.38222673752288
8.510097408,0.9998109597201186,-91.49756893236089
8.513089024,0.9996438215420056,-91.61042272768563
8.51608064,0.9994992437148964,-91.72107079255092
8.519072768,0.9993864773178898,-91.82981556335054
8.522064384,0.9993123232831945,-91.93727679377844
8.525056,0.9992818084971858,-92.0439614386479
8.528047616,0.999296775722344,-92.15060087397582
8.531039744,0.9993563063732771,-92.25776073425375
8.53403136,0.9994565830490991,-92.36610213832677
8.537022976,0.9995915046823989,-92.4761472656622
8.540015104,0.9997524540222961,-92.5883903385147
8.54300672,0.9999295430233571,-92.7030747331174
8.545998336,1.0001116068445821,-92.82037411656297
8.548990464,1.000287118641954,-92.94029464231826
8.55198208,1.0004451492026802,-93.0626490844961
8.554973696,1.000575900525899,-93.18709139996929
8.557965824,1.0006709498111694,-93.31321259504269
8.56095744,1.000724599554696,-93.44041813711713
8.563949056,1.0007331804979378,-93.56808921642332
8.566940672,1.0006963964052187,-93.69561425038042
8.5699328,1.0006163270277273,-93.82229917921664
8.572924416,1.0004978933774287,-93.94756580434658
8.575916032,1.0003487848499515,-94.07091963285686
8.57890816,1.0001780533716287,-94.1920024668933
8.581899776,0.9999965297322935,-94.31056865311798
8.584891392,0.999815387735146,-94.42655501055043
8.58788352,0.9996461207893705,-94.53999649643687
8.590874624,0.9994993996709904,-94.6511783561884
8.593866752,0.9993843786885073,-94.7604600590625
8.59685888,0.9993083122632305,-94.86841370437529
8.599849984,0.9992758717154978,-94.9755898357589
8.602842112,0.9992893955479435,-95.08264475330039
8.60583424,0.9993479752907994,-95.19024514459578
8.608825344,0.9994478293249451,-95.29900323615885
8.611817472,0.9995827920211219,-95.40948875904132
8.6148096,0.9997444344197542,-95.52212694469772
8.617800704,0.9999226404949547,-95.63723429572181
8.620792832,1.000106188004571,-95.75501893012559
8.62378496,1.0002837283917425,-95.87536978258045
8.626776064,1.0004439586148661,-95.99824416742925
8.629768192,1.000576850681483,-96.12323011707241
8.63276032,1.0006740901022961,-96.24990717040802
8.635751424,1.0007297048630779,-96.37770906232487
8.638743552,1.000740031515971,-96.50601105436182
8.64173568,1.0007043774321898,-96.63416537399516
8.644726784,1.0006251520493816,-96.76147787842953
8.647718912,1.0005070763138735,-96.8874324854334
8.65071104,1.000357563311921,-97.01148636552118
8.653702144,1.0001858432214037,-97.13321849893296
8.656694272,1.0000028500367049,-97.25242825588586
8.659685376,0.9998200680512949,-97.36900412865397
8.662677504,0.9996487214656025,-97.48303465835158
8.665669632,0.9994997900275076,-97.59477472119337
8.668660736,0.9993824469733056,-97.70460965069333
8.671652864,0.9993041871697129,-97.81305128096186
8.674644992,0.9992700585679046,-97.92066237078524
8.677636096,0.9992820055752384,-98.02817964645601
8.680628224,0.9993394673287457,-98.13618862313885
8.683620352,0.9994388428005796,-98.24535166845659
8.686611456,0.9995738495635474,-98.35623815127923
8.689603584,0.9997360977799806,-98.46929666640011
8.692595712,0.9999154459254282,-98.58486087014424
8.695586816,1.0001006324030757,-98.70305523324565
8.698578944,1.0002799876571615,-98.82391647690383
8.701571072,1.0004424711815938,-98.94727240664842
8.704562176,1.0005776286397892,-99.0727843461708
8.707554304,1.0006772318510448,-99.20002661846755
8.710546432,1.0007348555596924,-99.3284077478702
8.713537536,1.0007469248363021,-99.4573336266066
8.716529664,1.0007126067993108,-99.58612858781844
8.719521792,1.000634010885533,-99.71414631991163
8.722512896,1.0005162566852286,-99.8407679263874
8.725505024,1.000366324026435,-99.9654564914964
8.728496128,1.0001938414079508,-100.08784771010676
8.731488256,1.0000094140651674,-100.2077061985927
8.734480384,0.9998247886360804,-100.32489251033897
8.737471488,0.9996513664081087,-100.43949770378578
8.740463616,0.9995001065398806,-100.55182030775815
8.743455744,0.9993805191864467,-100.6621791345766
8.746446848,0.9993000475735688,-100.77109320021061
8.749438976,0.9992639211398965,-100.87919354881532
8.752431104,0.9992744002736283,-100.98713978961312
8.755422208,0.9993306081662671,-101.09557114854988
8.758414336,0.9994294888641049,-101.20512224480272
8.761406464,0.9995645426707032,-101.31640981768687
8.764397568,0.9997274825123218,-101.42986631975813
8.767389696,0.999907893721425,-101.54584146137461
8.770381824,1.0000947374727973,-101.66448375702102
8.773372928,1.0002762003183638,-101.78580986715863
8.776365056,1.0004407992859117,-101.90963168108271
8.779357184,1.000578250381131,-102.03568595089023
8.782348288,1.0006802234077723,-102.16349858781578
8.785340416,1.0007399133321924,-102.2924748263731
8.788332544,1.0007538199744301,-102.42201864932811
8.791323648,1.000720940356917,-102.55146463081232
8.794315776,1.0006433053103778,-102.68010737996262
8.797307904,1.000525688028383,-102.80738933473168
8.800299008,1.000375481268635,-102.93275374687039
8.803291136,1.0002021418658424,-103.05580718618326
8.80628224,1.0000163511841234,-103.17631436432426
8.809274368,0.9998298308617498,-103.29413044327296
8.812266496,0.9996542751970957,-103.40932273156538
8.8152576,0.9995006009836668,-103.52217326971694
8.818249728,0.9993786112226629,-103.6330626720779
8.821241856,0.9992958732508205,-103.7424921676466
8.82423296,0.9992577257853891,-103.85102519936089
8.827225088,0.9992664535024879,-103.95940781659165
8.830217216,0.9993216311326001,-104.06823437542663
8.83320832,0.9994197525354491,-104.17821900058297
8.836200448,0.9995548822657682,-104.28988192144394
8.839192576,0.9997183326429466,-104.40374645028936
8.84218368,0.9999000321699575,-104.52011124532497
8.845175808,1.0000884314181444,-104.63917408150525
8.848167936,1.00027193075695,-104.76094509006292
8.85115904,1.00043892251658,-104.88526377744132
8.854151168,1.000578941147213,-105.0118413690989
8.857143296,1.000683226840435,-105.14018936802064
8.8601344,1.0007451756091474,-105.26977365670686
8.863126528,1.0007608985775733,-105.39992613309846
8.866118656,1.0007294026081914,-105.53000054342057
8.86910976,1.0006527462178147,-105.6593128884918
8.872101888,1.0005355344562157,-105.78728905791117
8.875092992,1.0003850750021386,-105.9133028655869
8.87808512,1.0002107260265067,-106.03701518520583
8.881077248,1.0000235618361113,-106.15813589267384
8.884068352,0.999835164879578,-106.27658579253142
8.88706048,0.99965725873649,-106.39239325546798
8.890052608,0.9995012791289409,-106.50580016123295
8.893043712,0.9993768392531289,-106.61718773996503
8.89603584,0.999291771857959,-106.72709354564141
8.899027968,0.9992513553985198,-106.83610851755148
8.902019072,0.9992584823507216,-106.94489686838394
8.9050112,0.9993124181992424,-107.05412622373454
8.908003328,0.999409959372422,-107.16447565293383
8.910994432,0.9995449715188078,-107.2765395075524
8.91398656,0.9997090706230524,-107.3907843041684
8.916978688,0.9998919776474402,-107.50756125359851
8.919969792,1.0000820396215704,-107.6270243534953
8.92296192,1.000267651147481,-107.74924657465846
8.925954048,1.0004369453984778,-107.87406785295518
8.928945152,1.0005795146829775,-108.00114186122958
8.93193728,1.0006862774129053,-108.13003954254226
8.934929408,1.0007504496793826,-108.26022425677206
8.937920512,1.0007682193079255,-108.3909866006055
8.94091264,1.0007382923592623,-108.52171475498083
8.943904768,1.0006625941793945,-108.65166680803765
8.946895872,1.0005456831356667,-108.78027663260609
8.949888,1.000394963635603,-108.90700240565924
8.952879104,1.0002197864967313,-109.03136248052996
8.955871232,1.0000311027164064,-109.15313483277103
8.95886336,0.9998407758713265,-109.27219398959555
8.961854464,0.9996606317670652,-109.38857931158033
8.964846592,0.9995021292004694,-109.50254989364966
8.96783872,0.9993751179094961,-109.6144608098103
8.970829824,0.9992875822980609,-109.72484242496456
8.973821952,0.9992450584226623,-109.83427426470875
8.97681408,0.9992503131121119,-109.94349484677413
8.979805184,0.9993029106809661,-110.05314150155883
8.982797312,0.9993998081272263,-110.16385728859015
8.98578944,0.99953475290639,-110.276306812029
8.988780544,0.9996994017280393,-110.3909081364108
8.991772672,0.9998834305634543,-110.50807163351058
8.9947648,1.000075256749201,-110.62798141475
8.997755904,1.0002629325644508,-110.75062196319797
9.000748032,1.0004347189658314,-110.87588975039371
9.00374016,1.000579828636237,-111.00346891379974
9.006731264,1.0006891169363186,-111.13292088711681
9.009723392,1.000755721234558,-111.26366863277988
9.01271552,1.0007755075240874,-111.39507419603272
9.015706624,1.000747179313021,-111.5264173832189
9.018698752,1.000672409802625,-111.65701683113535
9.021689856,1.0005559716444818,-111.7863278639436
9.024681984,1.0004049710943939,-111.9136808002748
9.027674112,1.0002289681901813,-112.03869954531103
9.030665216,1.0000388980256978,-112.16111299863779
9.033657344,0.9998465132284632,-112.2807994790838
9.036649472,0.999664056649219,-112.39777290655083
9.039640576,0.9995030151580421,-112.51229268677277
9.042632704,0.9993733616160078,-112.6247190002899
9.045624832,0.9992833777254672,-112.7355759574856
9.048615936,0.9992384649279255,-112.84545773826994
9.051608064,0.9992418089872661,-112.95506612655929
9.054600192,0.9992931967860622,-113.06508476712692
9.057591296,0.9993892952250256,-113.17619241081672
9.060583424,0.9995241897193003,-113.28898043501589
9.063575552,0.9996894028447485,-113.40394969517577
9.066566656,0.9998745303326393,-113.52150331898301
9.069558784,1.0000681560570948,-113.64178869147501
9.072550912,1.0002579726033405,-113.76486414253091
9.075542016,1.0004322858198111,-113.89061839832159
9.078534144,1.000580010867029,-114.01871574386026
9.081526272,1.0006919447007665,-114.1486893467623
9.084517376,1.0007610203619546,-114.2799927619349
9.087509504,1.0007828973269097,-114.41198450993231
9.090501632,1.0007562619624242,-114.5439664109912
9.093492736,1.0006826840776224,-114.6752466589466
9.096484864,1.000566619289409,-114.80518643750825
9.099475968,1.0004155183850387,-114.93321778932494
9.102468096,1.0002385667881688,-115.05889464861829
9.105460224,1.0000470125723846,-115.1819686516248
9.108451328,0.9998527046391898,-115.30223811339837
9.111443456,0.9996679134525437,-115.41978768693846
9.114435584,0.9995042480657612,-115.53486832255885
9.117426688,0.9993718309487336,-115.64780405295369
9.120418816,0.9992791160407539,-115.75912742444791
9.123410944,0.9992320426508328,-115.8694530741258
9.126402048,0.9992334097148435,-115.9794664083614
9.129394176,0.9992833367645346,-116.08985345968708
9.132386304,0.9993786109746043,-116.20130335391458
9.135377408,0.9995132919295612,-116.31447183627523
9.138369536,0.9996790093292858,-116.42980241099308
9.141361664,0.9998654209211181,-116.5477218901714
9.144352768,1.0000607113586215,-116.66840188387867
9.147344896,1.0002528891557871,-116.79188969013134
9.150337024,1.00042966686042,-116.91807530868779
9.153328128,1.0005801694278915,-117.04664699735126
9.156320256,1.0006948142439476,-117.17717170586022
9.159312384,1.0007664438592476,-117.30903706364225
9.162303488,1.0007905493148694,-117.44163420722677
9.165295616,1.0007656857905427,-117.57423935913654
9.16828672,1.0006931960006606,-117.70616744046302
9.171278848,1.0005776292573103,-117.83676324296076
9.174270976,1.0004262952886345,-117.9654592393502
9.17726208,1.0002485801841987,-118.0918068481569
9.180254208,1.0000554721446235,-118.2154867397824
9.183246336,0.9998591642445661,-118.33638528714613
9.18623744,0.9996719272603894,-118.4545353784454
9.189229568,0.9995055181142092,-118.57015172026917
9.192221696,0.9993703871697576,-118.68357368987934
9.1952128,0.9992750331557477,-118.79536726588826
9.198204928,0.999225455237235,-118.90612417510668
9.201197056,0.9992247956954171,-119.0165175874096
9.20418816,0.9992731955047679,-119.12727325735018
9.207180288,0.9993675602595448,-119.2390690089987
9.210172416,0.999502162282284,-119.35257741443276
9.21316352,0.9996683734598683,-119.46823841280971
9.216155648,0.999855938036363,-119.5865248687203
9.219147776,1.0000531559537753,-119.7075683565579
9.22213888,1.0002475029701359,-119.83146887664
9.225131008,1.0004268845434738,-119.95810641960388
9.228123136,1.0005801441034177,-120.08718211712748
9.23111424,1.0006975836696574,-120.21819151921672
9.234106368,1.0007718345605372,-120.35061462404514
9.237097472,1.00079835496042,-120.48378838545348
9.2400896,1.0007751958343603,-120.6170324302778
9.243081728,1.000703958472083,-120.74962612163802
9.246072832,1.000588998443967,-120.8808566788046
9.24906496,1.0004374733313246,-121.01022662352207
9.252057088,1.0002588655681595,-121.13723069956853
9.255048192,1.0000642348289908,-121.26154026059719
9.25804032,0.999865923968962,-121.38305019070235
9.261032448,0.999676181595063,-121.50175225052266
9.264023552,0.999507021100055,-121.61790971657281
9.26701568,0.9993689522598427,-121.73185157727139
9.270007808,0.9992708150952387,-121.84408048043963
9.272998912,0.9992186958439402,-121.95524912031021
9.27599104,0.9992159350861016,-122.06602510574616
9.278983168,0.9992626896566883,-122.1771484585278
9.281974272,0.9993562071339501,-122.2893224924956
9.2849664,0.9994904852090905,-122.4031019255305
9.287958528,0.9996573033895821,-122.51913564706487
9.290949632,0.9998460558254495,-122.63772046223387
9.29394176,1.0000449970748293,-122.75915276903802
9.296933888,1.0002416580409186,-122.88345805420917
9.299924992,1.0004237997240897,-123.01049300898252
9.30291712,1.0005799750895297,-123.14004182202045
9.305909248,1.0007002899944892,-123.27155412774736
9.308900352,1.0007772895396094,-123.40454965397022
9.31189248,1.0008061644736292,-123.53831840496602
9.314883584,1.0007849484790772,-123.67216762102865
9.317875712,1.0007149984326629,-123.80538065411616
9.32086784,1.0006006142794401,-123.9372740965227
9.323858944,1.0004490606141216,-124.06730629441239
9.326851072,1.0002694887525392,-124.19495752440334
9.3298432,1.0000734101319164,-124.31991318958319
9.332834304,0.9998729075795654,-124.44200627316613
9.335826432,0.9996807188358401,-124.56129413133364
9.33881856,0.9995086539833702,-124.6779901280951
9.341809664,0.9993676359520549,-124.79240583680586
9.344801792,0.9992665987471643,-124.9051048893179
9.34779392,0.9992118724126178,-125.01667189790885
9.350785024,0.999206915173924,-125.12781659871708
9.353777152,0.9992520635364223,-125.23929407542721
9.35676928,0.9993445624765802,-125.3517544088058
9.359760384,0.9994786427712171,-125.46588716440547
9.362752512,0.9996458742174921,-125.58221555527905
9.36574464,0.9998358836620022,-125.7011515522313
9.368735744,1.0000366712515338,-125.82292452059673
9.371727872,1.0002357310440462,-125.94759806769385
9.37472,1.0004206424891064,-126.07506181476235
9.377711104,1.0005797151846003,-126.20503299478754
9.380703232,1.000703033055141,-126.33708290528261
9.383694336,1.0007828552749636,-126.47060063837722
9.386686464,1.0008141470988763,-126.60495012011705
9.389678592,1.0007949910822125,-126.73942033868602
9.392669696,1.0007264035245973,-126.87325565964454
9.395661824,1.0006126543433405,-127.0058144980244
9.398653952,1.0004609641502797,-127.13649119016391
9.401645056,1.000280626811251,-127.26476545830529
9.404637184,1.0000829961175008,-127.39036163750401
9.407629312,0.9998804415837984,-127.51307631487047
9.410620416,0.9996855427231995,-127.63293517210768
9.413612544,0.9995106274410263,-127.75013373003965
9.416604672,0.9993665630011267,-127.86504125647816
9.419595776,0.9992625750286227,-127.9781809934371
9.422587904,0.9992050582608791,-128.0901424589664
9.425580032,0.9991977408477972,-128.2016716323364
9.428571136,0.99924119103016,-128.31346918187492
9.431563264,0.9993326839105597,-128.42625432809612
9.434555392,0.9994664052228552,-128.54066554880097
9.437546496,0.9996341101294874,-128.65731020395293
9.440538624,0.9998253001250509,-128.77656051173548
9.443530752,1.0000279460146682,-128.89866918160013
9.446521856,1.000229466709478,-129.02371118859406
9.449513984,1.000417103764656,-129.15157006254861
9.452506112,1.000579271359835,-129.28199259158012
9.455497216,1.0007056335888296,-129.41452601378296
9.458489344,1.000788377472012,-129.54856585276366
9.461480448,1.0008222797971469,-129.68350016386069
9.464472576,1.0008051066515553,-129.81855944283825
9.467464704,1.0007379324497356,-129.95302435779655
9.470455808,1.0006249369666875,-130.08622449885868
9.473447936,1.0004731897207326,-130.217547014696
9.476440064,1.0002919971139281,-130.3464580731702
9.479431168,1.0000928307279686,-130.47268995518868
9.482423296,0.9998880700927903,-130.59602114004264
9.485415424,0.9996905152526222,-130.71643139719075
9.488406528,0.9995126013718583,-130.83415193779115
9.491398656,0.9993653939825151,-130.94952384837498
9.494390784,0.9992582834828286,-131.0630923940778
9.497381888,0.9991980989904763,-131.17545445076286
9.500374016,0.9991883873382221,-131.28730559080165
9.503366144,0.9992300279245409,-131.39943415969122
9.506357248,0.9993203356472403,-131.51250859595382
9.509349376,0.9994537986659879,-131.62724632094992
9.512341504,0.999621922676032,-131.74415806736243
9.515332608,0.9998142911704252,-131.86368619795857
9.518324736,1.0000188575572622,-131.98610779634552
9.521316864,1.0002228558269075,-132.11152430750235
9.524307968,1.000413398721587,-132.23976519451105
9.527300096,1.0005785931296411,-132.3706139965734
9.5302912,1.0007081660717363,-132.5036356929019
9.533283328,1.0007938788324222,-132.6381794299218
9.536275456,1.000830424556024,-132.77366180267506
9.53926656,1.000815421395786,-132.90932796874304
9.542258688,1.0007498095535756,-133.04444090110712
9.545250816,1.0006376077648107,-133.17826862379022
9.54824192,1.0004857241941312,-133.31020944098756
9.551234048,1.0003038129855315,-133.4397992801807
9.554226176,1.0001031224466457,-133.5666189323504
9.55721728,0.9998960389663011,-133.6905172722848
9.560209408,0.9996957612890492,-133.81149468042562
9.563201536,0.9995148398779875,-133.929747384582
9.56619264,0.9993644772705533,-134.0455854987368
9.569184768,0.9992542139721932,-134.15958129249117
9.572176896,0.9991909741735485,-134.2723158487039
9.575168,0.9991788699874872,-134.3845205109001
9.578160128,0.9992186152601491,-134.4969353248654
9.581152256,0.9993077820237493,-134.61029137487176
9.58414336,0.9994407603899305,-134.72528564685447
9.587135488,0.9996093503055059,-134.84248126528692
9.590127616,0.9998029521016765,-134.96229696959577
9.59311872,1.0000094294412152,-135.0850401129159
9.596110848,1.0002159242365414,-135.21075329465128
9.599102976,1.000409457478145,-135.3393914514765
9.60209408,1.0005778569036137,-135.47065542791577
9.605086208,1.0007106960558603,-135.604114453634
9.608077312,1.0007995147852142,-135.73919537976982
9.61106944,1.0008387717002034,-135.87524084310715
9.614061568,1.0008260261874868,-136.01148032640532
9.617052672,1.0007620102494952,-136.14718443697367
9.6200448,1.0006506390580243,-136.2816671668305
9.623036928,1.0004988449140573,-136.41426434744892
9.626028032,1.0003160156454376,-136.54446512320638
9.62902016,1.0001136873485885,-136.6719013308036
9.632012288,0.9999044283006219,-136.79640645894574
9.635003392,0.9997014025169877,-136.91791974239348
9.63799552,0.9995171915985893,-137.0366603696273
9.640987648,0.9993635786467332,-137.15297909265263
9.643978752,0.9992500537132191,-137.26736249035835
9.64697088,0.9991838631281243,-137.3804730938378
9.649963008,0.9991690778826859,-137.49299818935884
9.652954112,0.9992068947958473,-137.60570864236135
9.65594624,0.999294764722004,-137.71935854416608
9.658938368,0.9994273579727094,-137.83458506753763
9.661929472,0.9995963138857961,-137.95202670130323
9.6649216,0.9997910958077412,-138.07210703972646
9.667913728,0.9999995356383456,-138.19511193042533
9.670904832,1.0002085735204753,-138.3211520760162
9.67389696,1.0004051460286283,-138.45015614031217
9.676888064,1.0005768308499141,-138.5818374526732
9.679880192,1.000712994303028,-138.7157404417706
9.68287232,1.0008050683659069,-138.8513279787339
9.685863424,1.0008472088155766,-138.98787811296893
9.688855552,1.0008368272197514,-139.12473608438458
9.69184768,1.0007744016966027,-139.2610270793402
9.694838784,1.0006639611417245,-139.39614264568695
9.697830912,1.0005121892571882,-139.52935497662844
9.70082304,1.0003285950814222,-139.66018691404338
9.703814144,1.000124687505023,-139.7882424295433
9.706806272,0.999913100553767,-139.913314196679
9.7097984,0.9997072362902606,-140.03537324595294
9.712789504,0.9995198109445331,-140.1546179929573
9.715781632,0.9993628173917728,-140.27137372310045
9.71877376,0.9992458644324393,-140.3861777263033
9.721764864,0.9991765483178113,-140.49962849555442
9.724756992,0.9991591961276605,-140.61246436248624
9.72774912,0.9991949001541546,-140.72545088144983
9.730740224,0.9992815203130011,-140.83933372731096
9.733732352,0.9994135456721128,-140.95481185434508
9.73672448,0.9995829592929854,-141.0724828834941
9.739715584,0.9997789278174644,-141.19280023373238
9.742707712,0.9999893611500874,-141.31608201808768
9.745698816,1.0002010088733602,-141.44244342476244
9.748690944,1.0004005757943055,-141.57178071876444
9.751683072,1.0005757640219253,-141.7038253416396
9.754674176,1.0007153378538292,-141.8381916442613
9.757666304,1.0008107753116857,-141.97424800443514
9.760658432,1.00085591438058,-142.11134820525123
9.763649536,1.0008479258693341,-142.2487349005501
9.766641664,1.000787297545458,-142.38565368211093
9.769633792,1.0006776644095,-142.52136869979222
9.772624896,1.0005260439742498,-142.65522168831816
9.775617024,1.0003416845747055,-142.78665571677993
9.778609152,1.000136130948074,-142.91531822531473
9.781600256,0.9999222937098647,-143.04095800735365
9.784592384,0.999713472030353,-143.16355254664776
9.787584512,0.9995228014384785,-143.28329140389175
9.790575616,0.9993622368123379,-143.40049789664786
9.793567744,0.9992419013045698,-143.51568239394106
9.796559872,0.9991693209337439,-143.6294845262009
9.799550976,0.9991492041159439,-143.74260094646283
9.802543104,0.9991827335329316,-143.85583711498163
9.805535232,0.9992679307702491,-143.96997122849348
9.808526336,0.9993994565884939,-144.08565468585167
9.811518464,0.9995691834934555,-144.20354784747104
9.814510592,0.9997664319213634,-144.32410397969508
9.817501696,0.9999787880659817,-144.44764373819774
9.820493824,1.000193104394118,-144.57426841504642
9.823484928,1.0003958927847096,-144.70392044500406
9.826477056,1.000574509780796,-144.8363623213463
9.829469184,1.000717704893587,-144.97111674356668
9.832460288,1.000816423341079,-145.10765828375037
9.835452416,1.0008646275554423,-145.24528311545774
9.838444544,1.000859191311456,-145.3832202946263
9.841435648,1.0008003512385109,-145.52074710200532
9.844427776,1.0006917592708757,-145.6570557061732
9.847419904,1.0005402092408082,-145.79152100291063
9.850411008,1.000355030231026,-145.9235825764996
9.853403136,1.0001478822500842,-146.05282912229683
9.856395264,0.9999317308761333,-146.17902642855088
9.859386368,0.9997198598307087,-146.30215586813273
9.862378496,0.9995258289655566,-146.42236649422932
9.865370624,0.9993617040100694,-146.53998911228686
9.868361728,0.9992377417363657,-146.6555491043988
9.871353856,0.9991619127162537,-146.76967504922078
9.874345984,0.9991388420493748,-146.88310061250368
9.877337088,0.999170139947586,-146.99658825731197
9.880329216,0.9992539056373064,-147.11091203705962
9.883321344,0.9993848993994372,-147.2268126246796
9.886312448,0.9995548519441252,-147.3448887100954
9.889304576,0.9997533055392948,-147.46565464131416
9.89229568,0.9999677325472627,-147.58940909046072
9.895287808,1.0001847868364782,-147.71631174315826
9.898279936,1.0003908524737062,-147.8462679267713
9.90127104,1.0005729844180593,-147.97905756493742
9.904263168,1.000719831142382,-148.1142283819179
9.907255296,1.000822093030825,-148.25122962970732
9.9102464,1.0008735014185015,-148.38934993350088
9.913238528,1.0008706891459054,-148.52784782458633
9.916230656,1.0008137266414154,-148.66592438921555
9.91922176,1.0007062232117925,-148.80284804413907
9.922213888,1.000554771402802,-148.9379200580613
9.925206016,1.0003689074260764,-149.07058994468895
9.92819712,1.0001601423307152,-149.2004232498598
9.931189248,0.9999415065370583,-149.3271873235557
9.934181376,0.9997266592666315,-149.45082722558575
9.93717248,0.9995291840864421,-149.57150440773808
9.940164608,0.9993613337117433,-149.68956188445196
9.943156736,0.9992337726239189,-149.80547235815513
9.94614784,0.9991543999290845,-149.9199101925491
9.949139968,0.9991284077864542,-150.03358618793857
9.952132096,0.9991573523701685,-150.14730092454354
9.9551232,0.9992396269109511,-150.26181779519055
9.958115328,0.9993698436854743,-150.37789164964875
9.961107456,0.9995402247913425,-150.4961646197431
9.96409856,0.9997398621309208,-150.6171088467024
9.967090688,0.9999563894587112,-150.74107141627047
9.970081792,1.0001761514184495,-150.8682211169386
9.97307392,1.0003855385624645,-150.99845080269978
9.976066048,1.000571264486623,-151.13156980861373
9.979057152,1.0007219269849634,-151.26715335861638
9.98204928,1.0008279185192612,-151.40458132360496
9.985041408,1.0008825214061832,-151.54321024574674
9.988032512,1.0008824752676746,-151.68221642731922
9.99102464,1.0008275556439468,-151.8208795419298
9.994016768,1.0007210915987605,-151.95839609637133
9.997007872,1.0005699247408195,-152.09406886325243
10.0,1.000383241035829,-152.2273241882254
10.002992128,1.0001728871491593,-152.35773058397572
10.005983232,0.9999517793681962,-152.485035415248
10.00897536,0.9997338540750463,-152.60919671172067
10.011967488,0.9995327458551567,-152.73034094075558
10.014958592,0.9993611347913305,-152.84878782864067
10.01795072,0.9992297126721483,-152.96505856091719
10.020942848,0.9991468522887217,-153.0797899633067
10.023933952,0.9991177472257098,-153.19370656995264
10.02692608,0.9991442916463554,-153.30762219411187
10.029918208,0.9992248422230262,-153.42233290137477
10.032909312,0.9993545210663781,-153.53856818021634
10.03590144,0.9995250865930025,-153.65699104705385
10.038892544,0.9997259672928777,-153.77809416907974
10.041884672,0.9999446156027073,-153.90225783669132
10.0448768,1.0001671721594645,-154.02961677455664
10.047867904,1.0003798866229259,-154.16012318946983
10.050860032,1.0005694611152771,-154.29357296682363
10.05385216,1.0007239753654054,-154.42951489794416
10.056843264,1.00083364547649,-154.5673667796326
10.059835392,1.0008916984872418,-154.70644798109956
10.06282752,1.0008944467336098,-154.84602130535418
10.065818624,1.0008415488321962,-154.9852244035633
10.068810752,1.0007364414393034,-155.12331045418756
10.07180288,1.0005854779332621,-155.25958415304186
10.074793984,1.000398094008903,-155.39342969874963
10.077786112,1.000185979253425,-155.52439906573656
10.08077824,0.9999624508532408,-155.65225353179716
10.083769344,0.9997413226964893,-155.7769047535484
10.086761472,0.999536539637432,-155.89849094955534
10.0897536,0.9993609976699849,-156.01733321328226
10.092744704,0.9992257348481219,-156.13395268388473
10.095736832,0.9991391512993657,-156.2489487254039
10.09872896,0.9991068798242629,-156.36311259076817
10.101720064,0.9991308608814233,-156.47720361921972
10.104712192,0.9992097242450915,-156.59206302850365
10.10770432,0.9993385980978616,-156.70843541963973
10.110695424,0.999509396152213,-156.82699094343505
10.113687552,0.999711438279505,-156.94824223174726
10.116678656,0.9999321540330586,-157.07255270324433
10.119670784,1.0001576850755145,-157.20011436448485
10.122662912,1.0003738955517556,-157.3309038488177
10.125654016,1.0005673690146948,-157.46463778741406
10.128646144,1.0007258241389172,-157.60092250837536
10.131638272,1.0008394036162525,-157.73918671540923
10.134629376,1.000900947281033,-157.87874436788823
10.137621504,1.0009065718247478,-158.018806692814
10.140613632,1.000855933110709,-158.15855777849848
10.143604736,1.0007520782158617,-158.29722734948623
10.146596864,1.0006013116527304,-158.43407184495186
10.149588992,1.0004132615593189,-158.56848499358722
10.152580096,1.0001994028240617,-158.70003879277021
10.155572224,0.9999733471308782,-158.82839837273724
10.158564352,0.9997490011324524,-158.95354160275582
10.161555456,0.9995405769847591,-159.07556649346998
10.164547584,0.9993609825005424,-159.19478396197204
10.167539712,0.9992216913074277,-159.31171553716607
10.170530816,0.9991313864475685,-159.42698608629388
10.173522944,0.9990957008733291,-159.54135787297878
10.176515072,0.999117127854973,-159.65563129730944
10.179506176,0.9991942245251059,-159.77061296683212
10.182498304,0.9993223170192879,-159.88710683214254
10.185489408,0.9994933556547828,-160.0057490277365
10.188481536,0.99969658548844,-160.12714051181467
10.191473664,0.9999194937627027,-160.25159614751473
10.194464768,1.0001479376764302,-160.37933125638563
10.197456896,1.0003676699250983,-160.5103260615242
10.200449024,1.0005650467759752,-160.6443579509619
10.203440128,1.0007276802614273,-160.78097040201735
10.206432256,1.0008452204865983,-160.91963713652447
10.209424384,1.00091047602662,-161.0596443009328
10.212415488,1.0009191778743103,-161.20020514194596
10.215407616,1.00087065632991,-161.3404890161895
10.218399744,1.0007681491314755,-161.4797036390554
10.221390848,1.0006177752671714,-161.61714052210712
10.224382976,1.000428948568839,-161.75211541098582
10.227375104,1.0002135723793044,-161.8842074948056
10.230366208,0.9999848603894175,-162.01310044206454
10.233358336,0.9997571661800295,-162.138705764377
10.236350464,0.9995448419481566,-162.26116252010078
10.239341568,0.999361224721577,-162.3807578147245
10.242333696,0.9992178218348619,-162.49798977747415
10.245325824,0.9991235146249148,-162.6135039139858
10.248316928,0.9990844382117233,-162.72806348341342
10.251309056,0.9991031505683559,-162.84247680250212
10.254301184,0.9991784154792411,-162.95758246106928
10.257292288,0.9993056462109102,-163.0741568894898
10.260284416,0.9994767637154763,-163.1928940439652
10.26327552,0.9996812674386194,-163.31436709051096
10.266267648,0.9999062654842708,-163.43894887904204
10.269259776,1.000137768587975,-163.5668577008738
10.27225088,1.0003612061877838,-163.69805209195206
10.275243008,1.0005626383290254,-163.83231337793083
10.278235136,1.0007293962772161,-163.96927123455836
10.28122624,1.00085111032482,-164.1083141265039
10.284218368,1.0009200315690083,-164.24873758878908
10.287210496,1.00093192076989,-164.3897833987664
10.2902016,1.0008857828336466,-164.53059912023116
10.293193728,1.0007846794250412,-164.67035807452638
10.296185856,1.0006347234332287,-164.80833928800155
10.29917696,1.0004451942806452,-164.9438928812897
10.302169088,1.0002280623318858,-165.07650445590602
10.305161216,0.9999967180828855,-165.2059292015972
10.30815232,0.9997656536502907,-165.33200407918483
10.311144448,0.9995495157423443,-165.454860961299
10.314136576,0.9993616148299658,-165.57480570929934
10.31712768,0.9992138216117875,-165.6923219763054
10.320119808,0.9991155340865308,-165.8080622863561
10.323111936,0.999072978426953,-165.9227906489349
10.32610304,0.9990888055459045,-166.0373394349412
10.329095168,0.9991620355065888,-166.15252648587338
10.332086272,0.9992883535607532,-166.26917325971795
10.3350784,0.9994596845664421,-166.38797562891168
10.338070528,0.9996653846009689,-166.50952439976479
10.341061632,0.9998925642858799,-166.63421066601288
10.34405376,1.0001271539251844,-166.76222845225513
10.347045888,1.000354284605882,-166.89359394451137
10.350036992,1.0005599192303112,-167.02811264865952
10.35302912,1.0007310331446304,-167.1653535738411
10.356021248,1.0008570263298304,-167.30475800453448
10.359012352,1.00092977264883,-167.4456171517118
10.36200448,1.0009448715191178,-167.58711622310616
10.364996608,1.0009013235565865,-167.7284420489547
10.367987712,1.0008017002705758,-167.86871856970464
10.37097984,1.0006521887420146,-168.00725131846124
10.373971968,1.0004619348855546,-168.1433496994613
10.376963072,1.0002429848353045,-168.27651058066093
10.3799552,1.0000090633998222,-168.40641306445744
10.382947328,0.9997746221942305,-168.53295776070192
10.385938432,0.9995542896583901,-168.65621138057696
10.38893056,0.9993620458556294,-168.77647940777476
10.391922688,0.9992098757226758,-168.89428713503216
10.394913792,0.9991074495003159,-169.01023537492705
10.39790592,0.9990612456007926,-169.12512173551318
10.400897024,0.9990741599424834,-169.2397584823996
10.403889152,0.9991454398436325,-169.3550317287308
10.40688128,0.999270662937325,-169.47170802049445
10.409872384,0.9994421279161588,-169.59055424991254
10.412864512,0.9996490496684087,-169.71214517920544
10.41585664,0.9998785311872175,-169.83687406885068
10.418847744,1.0001161403339893,-169.9650126109611
10.421839872,1.0003471599546336,-170.09653371319982
10.424832,1.0005570620437578,-170.23127711380755
10.427823104,1.0007326251293327,-170.36880783874943
10.430815232,1.0008629523408064,-170.5085429611009
10.43380736,1.0009397790163768,-170.6497776013774
10.436798464,1.0009582403025237,-170.79174220342438
10.439790592,1.0009171596952797,-170.93355504072085
10.44278272,1.0008191328615608,-171.07437720952473
10.445773824,1.0006699850064489,-171.21343563572933
10.448765952,1.0004791439363543,-171.35009088146631
10.45175808,1.0002585524889362,-171.48375594442732
10.454749184,1.0000218473954368,-171.61414994390188
10.457741312,0.9997837934709762,-171.7411189415468
10.46073344,0.99955934793055,-171.86475648747728
10.463724544,0.9993626273460124,-171.98535413446433
10.466716672,0.9992059674817253,-172.10340774839366
10.4697088,0.9990992716803607,-172.21955322313244
10.472699904,0.9990491972763983,-172.3345649904882
10.475692032,0.9990590224907385,-172.4492944626432
10.478683136,0.9991282293130538,-172.5645959687356
10.481675264,0.9992523841262902,-172.6813017460814
10.484667392,0.9994240066137983,-172.80015607687028
10.487658496,0.9996320849819854,-172.9217580389451
10.490650624,0.9998637968158816,-173.04656306346624
10.493642752,1.0001046776362106,-173.17476411130244
10.496633856,1.0003395611724426,-173.30642599982554
10.499625984,1.0005538622822236,-173.44134311575783
10.502618112,1.0007340648373029,-173.57912874330674
10.505609216,1.000868883997642,-173.7191812262769
10.508601344,1.0009498327988209,-173.86083272716664
10.511593472,1.0009718602549371,-174.00321771053126
10.514584576,1.0009334344314909,-174.14549897767375
10.517576704,1.0008370203053087,-174.28683390099064
10.520568832,1.0006884033534107,-174.4264165723336
10.523559936,1.0004969808214308,-174.56359488959188
10.526552064,1.0002746219683227,-174.6977815867355
10.529544192,1.0000350975048449,-174.82863649127063
10.532535296,0.999793438636368,-174.95605116993525
10.535527424,0.9995648001000477,-175.08006155764735
10.538519552,0.9993633817989771,-175.2009508256066
10.541510656,0.9992021109266198,-175.31925323738326
10.544502784,0.999090933889063,-175.43555232211313
10.547493888,0.9990369099102481,-175.55068193703937
10.550486016,0.9990436286851677,-175.66547567110828
10.553478144,0.9991105867939418,-175.7807872193155
10.556469248,0.999233610993472,-175.8974914229526
10.559461376,0.9994051812198691,-176.0163236628659
10.562453504,0.9996146118551231,-176.13791286478227
10.565444608,0.9998487060356126,-176.26272054215127
10.568436736,1.0000927880802584,-176.3910025531551
10.571428864,1.0003317961592804,-176.52275907998023
10.574419968,1.0005505274793833,-176.6578555158696
10.577412096,1.0007354377906976,-176.79586245567688
10.580404224,1.0008749504248868,-176.93622911290964
10.583395328,1.0009601343567829,-177.07822336255103
10.586387456,1.0009858156126004,-177.2210450906413
10.589379584,1.0009501564510892,-177.36380414656213
10.592370688,1.0008553765975037,-177.50563965431354
10.595362816,1.0007074401277347,-177.64574763025203
10.598354944,1.0005153916343996,-177.78341251762095
10.601346048,1.0002912639377757,-177.91809390426255
10.604338176,1.0000488683883049,-178.04942312349957
10.607330304,0.9998035137965942,-178.1772429826374
10.610321408,0.9995705572438777,-178.30161362642207
10.613313536,0.9993644412150766,-178.4227959936313
10.616305664,0.9991983428320196,-178.54131872006536
10.619296768,0.9990825694343681,-178.65778559465704
10.622288896,0.9990245244557305,-178.77299470050528
10.62528,0.9990278874482285,-178.88781195486834
10.628272128,0.9990925812361382,-179.00311766850558
10.631264256,0.999214420519354,-179.1197952983581
10.63425536,0.9993861058655596,-179.23857341172237
10.637247488,0.9995967013821373,-179.36013842347228
10.640239616,0.9998330934916847,-179.48494018232358
10.64323072,1.000080600530181,-179.61324478793523
10.646222848,1.0003236588695503,-179.74509066374776
10.649214976,1.0005469689359114,-179.88032749819516
10.65220608,1.0007367659036606,179.98144189971222
10.655198208,1.0008810052978925,179.84080540665434
10.658190336,1.0009706356491839,179.69846432143552
10.66118144,1.0010001653854927,179.55523257794735
10.664173568,1.0009674004329325,179.41201533274187
10.667165696,1.000874402801083,179.26969356624315
10.6701568,1.0007270301768558,179.1290891971901
10.673148928,1.0005343718652902,178.99091655840942
10.676141056,1.0003083119516847,178.85575001390777
10.67913216,1.0000631066873726,178.72397553351908
10.682124288,0.9998139013796234,178.59573618286694
10.685116416,0.999576431267696,178.47104381443998
10.68810752,0.9993655407491165,178.34957443770364
10.691099648,0.9991944817951347,178.23086531835136
10.694090752,0.9990740069639348,178.11426984945965
10.69708288,0.9990117823214352,177.99898824805027
10.700075008,0.9990117636532738,177.88414484129115
10.703066112,0.9990739620859846,177.76888457563527
10.70605824,0.9991946218793143,177.6522845341465
10.709050368,0.9993662517051598,177.5335682126153
10.712041472,0.9995780527180691,177.4120623414662
10.7150336,0.9998169472766535,177.2873051660744
10.718025728,1.0000677595749279,177.1590020184813
10.721016832,1.00031509571785,177.02708990458294
10.72400896,1.000543232090986,176.89174357598293
10.727001088,1.0007379707241635,176.7533189400312
10.729992192,1.0008871985107792,176.61240747392677
10.73298432,1.000981415401447,176.4697390028846
10.735976448,1.001014708361494,176.3261358428166
10.738967552,1.0009848912343424,176.1824774710216
10.74195968,1.000893808576375,176.03968770477871
10.744951808,1.0007471076783954,175.89857928180302
10.747942912,1.0005538836197414,175.7599214481405
10.75093504,1.0003260320993077,175.62426679022417
10.753927168,1.0000778167715243,175.4920436476321
10.756918272,0.9998247890169808,175.36345486722573
10.7599104,0.9995826669281671,175.23841830608688
10.762902528,0.9993667990529437,175.11668232620772
10.765893632,0.9991906906106705,174.99779117117126
10.76888576,0.9990652759778224,174.8810730030506
10.771876864,0.9989986879994395,174.76576681692907
10.774868992,0.9989951085721337,174.65096238432056
10.77786112,0.9990548565773499,174.53573953446343
10.780852224,0.999174190601769,174.41921299557083
10.783844352,0.9993457806484861,174.30060147800882
10.78683648,0.9995588772050781,174.17918993832745
10.789827584,0.9998001144349007,174.05450836115477
10.792819712,1.0000545905935736,173.92624203735596
10.79581184,1.0003061699522173,173.79427793173653
10.798802944,1.0005392178905734,173.65883968313187
10.801795072,1.0007390907486502,173.52026480858535
10.8047872,1.0008934549487143,173.37910998302934
10.807778304,1.0009923227203017,173.23610995313322
10.810770432,1.0010296710409288,173.09213105249628
10.81376256,1.0010029410440453,172.94805723491808
10.816753664,1.0009138535218522,172.8048020870256
10.819745792,1.0007679002866559,172.6632154848642
10.82273792,1.0005739438205594,172.52408533075396
10.825729024,1.0003442093423955,172.3879711917546
10.828721152,1.000093002052075,172.25533854326048
10.83171328,0.9998359820893501,172.1263469420695
10.834704384,0.9995891939574486,172.0010021413998
10.837696512,0.9993681321499571,171.8790354863898
10.840687616,0.9991868132012327,171.75998010100565
10.843679744,0.9990564155740509,171.64317241884174
10.846671872,0.9989852746485361,171.52783381051373
10.849662976,0.9989781452554978,171.41308070573103
10.852655104,0.9990352640417872,171.29794136925076
10.855647232,0.9991530923523448,171.1815531738217
10.858638336,0.9993246196689306,171.06306601057872
10.861630464,0.9995389856809488,170.94177722789095
10.864622592,0.9997826955491509,170.81718309639575
10.867613696,1.0000407619641165,170.68894624247866
10.870605824,1.0002966969545182,170.5570119138983
10.873597952,1.0005348467566608,170.42149241255507
10.876589056,1.0007401306999946,170.2827624689906
10.879581184,1.0008995549407917,170.14139923438537
10.882573312,1.0010034073347605,169.99811366281892
10.885564416,1.0010448181954286,169.8537660687259
10.888556544,1.001021458081566,169.7092989994702
10.891548672,1.0009344043356527,169.56557846187218
10.894539776,1.0007891379797018,169.4235428266323
10.897531904,1.0005946723055337,169.28391588285493
10.900524032,1.0003630686075935,169.14735130196073
10.903515136,1.000108770318713,169.0143148654313
10.906507264,0.999847720963322,168.88498377461954
10.909498368,0.9995960797777802,168.75931939822283
10.912490496,0.9993696965228539,168.63714192059115
10.915482624,0.9991829138629338,168.51794254523503
10.918473728,0.9990473200178103,168.4010593561965
10.921465856,0.9989716274789668,168.2857322621254
10.924457984,0.9989606354224336,168.17103906635845
10.927449088,0.9990149617479488,168.05602283546114
10.930441216,0.9991314797545064,167.93978708979782
10.933433344,0.999302881085297,167.82144599313904
10.936424448,0.99951840943199,167.7003149863504
10.939416576,0.9997648551304494,167.57584810647595
10.942408704,1.0000264206875065,167.44771251214843
10.945399808,1.0002870567661426,167.31577296464468
10.948391936,1.0005304199329046,167.18021501702293
10.951384064,1.000741121365214,167.04136856037877
10.954375168,1.0009060208970997,166.89980261952059
10.957367296,1.0010147403249494,166.75624744098627
10.960359424,1.0010605315315846,166.61156939903591
10.963350528,1.001040526929974,166.46667700927526
10.966342656,1.0009555852505305,166.32254340878592
10.969334784,1.000811212327766,166.18002083350635
10.972325888,1.0006161948973207,166.03996786988114
10.975318016,1.000382642934895,165.9029631696399
10.978310144,1.0001251646494214,165.76950856296662
10.981301248,0.9998598514126582,165.63980803376643
10.984293376,0.9996032572904345,165.51389908233122
10.98728448,0.9993714823298158,165.39150909199253
10.990276608,0.9991790729810495,165.27215860796895
10.993268736,0.9990381184742609,165.1552560686038
10.99625984,0.9989576154153728,165.03994461382783
10.999251968,0.9989426355202724,164.92535238440917
11.002244096,0.9989942606437519,164.81048695296425
11.0052352,0.99910925311741,164.69441063564915
11.008227328,0.9992804961064985,164.57627396588876
11.011219456,0.9994973601999638,164.4553250767675
11.01421056,0.9997462906938988,164.33102546288882
11.017202688,1.0000117284140435,164.20299224281035
11.020194816,1.0002769850572488,164.0711015055834
11.02318592,1.0005256006693541,163.93551514516335
11.026178048,1.0007419875361274,163.7965780205431
11.029170176,1.000912492756849,163.65482041524322
11.03216128,1.0010264412028356,163.5110129986045
11.035153408,1.0010767758388892,163.3659992565917
11.038145536,1.001060101491354,163.22073344052927
11.04113664,1.000977453424076,163.07616930039475
11.044128768,1.0008339116538485,162.9332197065051
11.047120896,1.000638330024875,162.79270864985398
11.050112,1.0004028416449957,162.65528623629822
11.053104128,1.0001420914961872,162.521430528296
11.056095232,0.9998723997498584,162.3914041359966
11.05908736,0.9996106627306078,162.26522454683476
11.062079488,0.9993733905248543,162.14264306130883
11.065070592,0.9991751424966675,162.02319626426788
11.06806272,0.9990286452970875,161.9062668950948
11.071054848,0.9989431432354148,161.79101314684044
11.074045952,0.9989240995118825,161.6765224299842
11.07703808,0.9989728003067695,161.56184692058932
11.080030208,0.999086248086111,161.44597794583407
11.083021312,0.9992573188128138,161.32806517820055
11.08601344,0.9994754726147115,161.20733318555827
11.089005568,0.9997269540547418,161.08320270650924
11.091996672,0.9999962184002857,160.9553080526405
11.0949888,1.0002664626333864,160.82352643768343
11.097980928,1.0005204962612355,160.68792951099658
11.100972032,1.0007427732434895,160.5489073290223
11.10396416,1.0009190474256402,160.4070091124272
11.106956288,1.001038319057885,160.2629501182112
11.109947392,1.0010932616864094,160.1176399457999
11.11293952,1.0010801254219661,159.972013849431
11.115931648,1.0009999044206455,159.82704069784697
11.118922752,1.0008571763651575,159.68364991623653
11.12191488,1.0006611178609708,159.54269781651297
11.124907008,1.0004236925600056,159.40486244911466
11.127898112,1.0001595542161903,159.27061863318295
11.13089024,0.9998855379715544,159.14026549986835
11.133881344,0.9996185081277533,159.01383506877244
11.136873472,0.9993752779026456,158.89108280070363
11.1398656,0.9991712030587876,158.77156964561223
11.142856704,0.999019116212589,158.6546432382974
11.145848832,0.9989285005356323,158.5394681129903
11.14884096,0.998905170527517,158.4251299384866
11.151832064,0.9989508067856633,158.3106376937743
11.154824192,0.999062547925372,158.19500982005866
11.15781632,0.9992333641974319,158.07735633630162
11.160807424,0.9994527987240497,157.95687028559416
11.163799552,0.999707187408857,157.8329565412652
11.16679168,0.9999803875754599,157.70523994915473
11.169782784,1.0002556142949062,157.57354452189233
11.172774912,1.0005153131551432,157.4379934641092
11.17576704,1.0007435372832238,157.29891248782263
11.178758144,1.0009257793379667,157.15686422643395
11.181750272,1.0010506839150166,157.01259348350476
11.1847424,1.0011103881010446,156.867003635656
11.187733504,1.0011010363739543,156.72100791503087
11.190725632,1.0010230816595265,156.57562976880436
11.19371776,1.0008814929757182,156.43182268728978
11.196708864,1.0006847012162605,156.29045269438873
11.199700992,1.0004452436389186,156.15219555904562
11.202692096,1.000177825763451,156.01759358764986
11.205684224,0.9998991315695486,155.88693494145588
11.208676352,0.9996266622549258,155.76026763300828
11.211667456,0.9993775141867595,155.63735292565391
11.214659584,0.9991673631719753,155.51776573012552
11.217651712,0.9990092490427092,155.40086034056066
11.220642816,0.9989134198742154,155.2858086360724
11.223634944,0.9988856516888373,155.17164737210513
11.226627072,0.9989281747930764,155.05738316130507
11.229618176,0.999038204744691,154.94203457955868
11.232610304,0.9992087640045594,154.82465015371722
11.235602432,0.9994295524906023,154.70445658327517
11.238593536,0.9996866946810293,154.58078062546113
11.241585664,0.9999639498737063,154.45324856914968
11.244577792,1.000244289644422,154.32169996736357
11.247568896,1.0005099572739444,154.1862135804367
11.250561024,1.0007443244400613,154.04710774714036
11.253553152,1.0009326498943603,153.90493837701044
11.256544256,1.0010633390031318,153.76047030818083
11.259536384,1.0011279793395016,153.61458485385592
11.262528512,1.001122428306306,153.46824579320898
11.265519616,1.0010470319323836,153.32248330158876
11.268511744,1.0009064067253322,153.17826976434486
11.271503872,1.000709181116106,153.03647915109977
11.274494976,1.000467528010828,152.89781823111878
11.277487104,1.0001966377592855,152.7628774747067
11.280478208,0.999913242089163,152.63192072627797
11.283470336,0.9996351936870449,152.50502080492254
11.286462464,0.9993798397375793,152.38197651071258
11.289453568,0.9991632491062616,152.26234242306953
11.292445696,0.9989990725640524,152.14548241026807
11.295437824,0.9988976707644954,152.0305558495079
11.298428928,0.9988654822920632,151.91659427062734
11.301421056,0.9989046137318929,151.80261048940937
11.304413184,0.9990128196346625,151.6875630699625
11.307404288,0.9991832600382005,151.57049626452033
11.310396416,0.9994053950253603,151.45060686065943
11.313388544,0.9996653440436281,151.32723060944002
11.316379648,0.9999469323317216,151.1999202232786
11.319371776,1.0002324055298322,151.0685488809855
11.322363904,1.0005041203997729,150.9331275704504
11.325355008,1.0007447957444187,150.79402039660104
11.328347136,1.0009395995021306,150.65175120594304
11.331339264,1.0010762555910335,150.5070938386579
11.334330368,1.0011459616325626,150.36095458151394
11.337322496,1.0011445449528205,150.21427648062092
11.340314624,1.0010717642811093,150.0681526047934
11.343305728,1.0009321659445476,149.9235103080409
11.346297856,1.000734385555044,149.7813098917706
11.34928896,1.0004906576019648,149.64227846518713
11.352281088,1.0002161257433517,149.5069783056818
11.355273216,0.99992795344415,149.37575103913403
11.35826432,0.9996440608273534,149.24863757739695
11.361256448,0.9993823915793021,149.12547367093924
11.364248576,0.9991592450529282,149.00582617029767
11.36723968,0.9989888202231284,148.88902570373006
11.370231808,0.9988816108165004,148.77424782481413
11.373223936,0.9988447925175192,148.66053566275434
11.37621504,0.9988805181535918,148.54684214673546
11.379207168,0.9989868466785208,148.4321122001529
11.382199296,0.9991569430197583,148.31540127798922
11.3851904,0.9993804774627011,148.19585891768057
11.388182528,0.9996434017630712,148.07279165450254
11.391174656,0.9999292966470653,147.94575392343336
11.39416576,1.0002202510242602,147.81457091005717
11.397157888,1.0004981197636025,147.67926274135507
11.400150016,1.0007455217974814,147.5401660352034
11.40314112,1.0009468939286519,147.3978327758393
11.406133248,1.0010895377517381,147.2530025157575
11.409125376,1.0011646104856131,147.10659398280916
11.41211648,1.0011673416075095,146.95961622498285
11.415108608,1.0010973119892261,146.8131020768716
11.418100736,1.0009588082324186,146.66808078955233
11.42109184,1.000760489659731,146.52548762859783
11.424083968,1.000514553068133,146.3860690685486
11.427075072,1.0002363826846539,146.25045624088935
11.4300672,0.999943191226554,146.11892401106485
11.433059328,0.9996533809562412,145.99162308326305
11.436050432,0.9993850476254573,145.8683555107692
11.43904256,0.9991551481229194,145.74870362606129
11.442034688,0.9989781369328294,145.63200670768057
11.445025792,0.9988651147803191,145.51741520851027
11.44801792,0.998823394272355,145.40394529570264
11.451010048,0.9988555760437418,145.29058520513158
11.454001152,0.9989599348491152,145.17623769746672
11.45699328,0.9991297747018517,145.05989199488525
11.459985408,0.9993546954994605,144.94073124970308
11.462976512,0.9996205916372255,144.81799775593186
11.46596864,0.9999110814952664,144.69127051743843
11.468960768,1.000207603270764,144.56029737069687
11.471951872,1.0004918985023523,144.42513754046746
11.474944,1.0007460574645093,144.2860642297932
11.477936128,1.0009542687189195,144.1436719498335
11.480927232,1.0011033729982668,143.99868837041416
11.48391936,1.001183989216948,143.85205848441782
11.486911488,1.0011909519885696,143.70476517419698
11.489902592,1.0011236868645996,143.55788328325704
11.49289472,1.0009864781008602,143.41248138819108
11.495885824,1.0007875254436467,143.26948772469927
11.498877952,1.000539386296817,143.1297023208431
11.50187008,1.0002572375560494,142.9937363770493
11.504861184,0.999958962035821,142.8619767605217
11.507853312,0.9996628876410756,142.73449037989775
11.51084544,0.9993878596406461,142.61113536334233
11.513836544,0.9991508369958433,142.49149586170316
11.516828672,0.9989671827138502,142.37491229077187
11.5198208,0.9988480538724377,142.26053089385954
11.522811904,0.9988012563338432,142.14736843562932
11.525804032,0.9988298186759486,142.03435015052997
11.52879616,0.9989319480191677,141.92040066615854
11.531787264,0.9991015130883201,141.80448982475602
11.534779392,0.9993279121392575,141.68573381190546
11.53777152,0.9995970309307073,141.56339352620034
11.540762624,0.9998919894245935,141.43695960185764
11.543754752,1.0001944811582661,141.30624806766104
11.54674688,1.0004853906146243,141.1712410730089
11.549737984,1.0007466159582064,141.03224147731638
11.552730112,1.0009619006633936,140.88980885410166
11.55572224,1.0011175176145786,140.74470243446416
11.558713344,1.0012039266811632,140.5978173733972
11.561705472,1.001215214139901,140.45022969399298
11.564696576,1.0011510409516442,140.3030194509565
11.567688704,1.0010149698532365,140.15723588054144
11.570680832,1.0008154930417303,140.01384749745893
11.573671936,1.000564938123344,139.87370560838852
11.576664064,1.0002789846809204,139.73742362216277
11.579656192,0.9999752304754846,139.60540028889383
11.582647296,0.999672819522363,139.47772753472526
11.585639424,0.9993907136787795,139.35430469266518
11.588631552,0.9991465918591073,139.23470884193623
11.591622656,0.9989556849044144,139.118263464956
11.594614784,0.9988302603976474,139.0041356066185
11.597606912,0.998778202055009,138.89129370357048
11.600598016,0.9988030038663983,138.7786582624652
11.603590144,0.998903062165543,138.6651414718062
11.606582272,0.9990722747885026,138.54968897305432
11.609573376,0.9993001904061753,138.4313814780783
11.612565504,0.9995724858239508,138.30946224141744
11.615557632,0.9998722274634113,138.183395682117
11.618548736,1.0001807233766105,138.05295657990436
11.621540864,1.0004786029479766,137.9181301594961
11.624532992,1.000747167339156,137.7792104815901
11.627524096,1.0009697618911373,137.63675485879094
11.630516224,1.0011322546621872,137.49152039003263
11.633508352,1.0012244764803513,137.3444282250981
11.636499456,1.001240547985948,137.1965538174519
11.639491584,1.0011793858265907,137.04899206080484
11.642482688,1.0010445958754737,136.90283293927408
11.645474816,1.0008445044095111,136.75905955988156
11.648466944,1.000591559453441,136.61856036661803
11.651458048,1.0003014819546063,136.4819620710714
11.654450176,0.9999922518673828,136.34967633481799
11.657442304,0.9996831818582651,136.2218798721908
11.660433408,0.9993937477916615,136.09839467522332
11.663425536,0.9991419326247114,135.97884315879622
11.666417664,0.998943905186626,135.8625789248246
11.669408768,0.9988119578605583,135.74869629147778
11.672400896,0.9987544512752309,135.63619484369633
11.675393024,0.9987751951568921,135.52399004075508
11.678384128,0.9988730436822535,135.41095021675977
11.681376256,0.9990419125310496,135.29598162570937
11.684368384,0.9992713736256605,135.17814700945343
11.687359488,0.9995470562226464,135.05668257815145
11.690351616,0.999851845194068,134.93100271078714
11.693343744,1.0001665190378826,134.8008618711939
11.696334848,1.0004715107372484,134.6662439586606
11.699326976,1.0007477777306917,134.52743849557638
11.702319104,1.0009779244273946,134.38498740938203
11.705310208,1.0011474616300462,134.23962606231018
11.708302336,1.0012459185614058,134.09234880763734
11.71129344,1.001266722980462,133.94418772798605
11.714285568,1.0012087637415836,133.79628564624454
11.717277696,1.0010752891156436,133.64974761706415
11.7202688,1.000874693848211,133.5056075582369
11.723260928,1.0006191111927922,133.36474093293307
11.726253056,1.0003248059639998,133.22784400172236
11.72924416,1.000009929894643,133.09531594973097
11.732236288,0.9996939659255588,132.96738116394715
11.735228416,0.9993968653591009,132.84385736161275
11.73821952,0.9991374422575385,132.7243924553444
11.741211648,0.9989317123539121,132.6082919011541
11.744203776,0.9987928413149005,132.49471205541388
11.74719488,0.9987298266824404,132.3825895904066
11.750187008,0.9987465074480122,132.27085456278823
11.753179136,0.9988420036407314,132.15830846924263
11.75617024,0.9990104733592383,132.0438710166942
11.759162368,0.9992415313288368,131.92656475813757
11.762154496,0.9995207006849903,131.80555779373555
11.7651456,0.9998305999558754,131.68030545908726
11.768137728,1.0001518036048482,131.55048790375758
11.771129856,1.000464280090489,131.41612420234338
11.77412096,1.0007483520200322,131.27744617477597
11.777113088,1.000986390707629,131.13499608916933
11.780105216,1.0011633983920039,130.98954031410634
11.78309632,1.0012681007038604,130.8420635462962
11.786088448,1.0012940683010607,130.6936147635613
11.789079552,1.0012392622201118,130.54538213009317
11.79207168,1.0011072494126612,130.39847065075577
11.795063808,1.000905964040859,130.25395931167145
11.798054912,1.000647925539078,130.1127388456874
11.80104704,1.0003491067838854,129.97554067345035
11.804039168,1.0000281591710154,129.84278682904005
11.807030272,0.9997051067963583,129.7147095831087
11.8100224,0.99940014880904,129.5911794204404
11.813014528,0.999132492384536,129.47178423619314
11.816005632,0.9989190105011655,129.35589743141992
11.81899776,0.9987731302258018,129.24262792758108
11.821989888,0.9987041359894222,129.13094490659577
11.824980992,0.9987165192963102,129.01969372093575
11.82797312,0.9988095198846937,128.90769074565054
11.830965248,0.9989776842514061,128.79380989158602
11.833956352,0.9992104418193553,128.6770436750798
11.83694848,0.9994932723390246,128.5565471355096
11.839940608,0.999808449097463,128.43176189434593
11.842931712,1.0001364081598196,128.30232315342482
11.84592384,1.0004565868667727,128.16820926398924
11.848915968,1.0007489622203405,128.02966328880063
11.851907072,1.0009951060812237,127.88724622565995
11.8548992,1.001179782392625,127.74171557019768
11.857890304,1.0012912077824057,127.59403929708846
11.860882432,1.0013222988332533,127.44535005074339
11.86387456,1.0012710105667386,127.29676973963335
11.866865664,1.0011404503679942,127.14949060930232
11.869857792,1.0009384277313589,127.00459383745438
11.87284992,1.0006777239281073,126.86302635123087
11.875841024,1.0003743104930218,126.72551625814785
11.878833152,1.0000471923685028,126.59255820850441
11.88182528,0.9997167201567165,126.46434822657649
11.884816384,0.9994035684565905,126.34079087084307
11.887808512,0.9991274880934561,126.22152315686026
11.89080064,0.9989058223111836,126.10587948161354
11.893791744,0.9987525723554687,125.99295144111878
11.896783872,0.9986774837788751,125.88172636363097
11.899776,0.9986854401893461,125.77097174813738
11.902767104,0.9987759677828456,125.65953709509911
11.905759232,0.9989437205853935,125.54626834630157
11.90875136,0.9991782128161202,125.4300841963638
11.911742464,0.9994647301126494,125.31015412054602
11.914734592,0.9997855598437391,125.18584440036062
11.91772672,1.0001205548830063,125.05678769505137
11.920717824,1.0004487070579458,124.92296537613241
11.923709952,1.000749658049824,124.78458438538652
11.92670208,1.0010044197939205,124.64222423524104
11.929693184,1.0011969980283157,124.49659985503915
11.932685312,1.0013154159002375,124.34874903975512
11.935676416,1.0013518389261824,124.19976766510267
11.938668544,1.0013041302857835,124.05085547887886
11.941660672,1.0011749902672238,123.90320137022137
11.944651776,1.0009724225693115,123.75792928425143
11.947643904,1.000708798691689,123.61600814839123
11.950636032,1.00040067277928,123.4782106962712
11.953627136,1.000067009586925,123.34501310361655
11.956619264,0.9997288238416695,123.2167138232029
11.959611392,0.9994071742577185,123.09314722495782
11.962602496,0.9991222736128524,122.9740035352152
11.965594624,0.998892075902334,122.85862404244142
11.968586752,0.9987311579332177,122.7460584147331
11.971577856,0.9986497448661484,122.6352947807451
11.974569984,0.998653035201547,122.5251202870231
11.977562112,0.9987411087189602,122.41430581892833
11.980553216,0.9989083411555377,122.30166592609139
11.983545344,0.9991445986674857,122.18611421690598
11.986537472,0.9994350977468078,122.06675867267901
11.989528576,0.9997617056192892,121.94295602002666
11.992520704,1.0001040638978322,121.81433190196181
11.995512832,1.0004406758682935,121.68081836546287
11.998503936,1.0007504792177877,121.54263422988981
12.001496064,1.001014054707153,121.40031146174758
12.004487168,1.0012149568254247,121.25463042669021
12.007479296,1.0013404873222829,121.10660852236376
12.010471424,1.0013825528104756,120.95735214787001
12.013462528,1.0013385453344863,120.80810132387288
12.016454656,1.0012109762024952,120.6600756099649
12.019446784,1.0010077567340772,120.51441825989984
12.022437888,1.000741241514602,120.37213895498152
12.025430016,1.0004280236570362,120.23401877038171
12.028422144,1.0000876587517316,120.10063737020289
12.031413248,0.9997413218113343,119.97220136661699
12.034405376,0.9994107678523192,119.84867915616003
12.037397504,0.9991167458317238,119.72968406583948
12.040388608,0.9988777267885054,119.61455904718312
12.043380736,0.9987088265859416,119.50240682442687
12.046372864,0.9986206646940508,119.39214920270858
12.049363968,0.9986192569775686,119.2825604639305
12.052356096,0.9987045063815034,119.17238904771934
12.055348224,0.9988714723981835,119.06042243891953
12.058339328,0.9991096087307643,118.94554072870908
12.061331456,0.9994042653507813,118.82681450905616
12.064323584,0.99973693268936,118.70356596334433
12.067314688,1.0000869310682188,118.57537599126275
12.070306816,1.0004322181292462,118.4421929900968
12.07329792,1.0007513939334054,118.30419838367835
12.076290048,1.0010242570634853,118.16195729198274
12.079282176,1.0012337976754448,118.0162136239928
12.08227328,1.0013666942219988,117.86802388787598
12.085265408,1.001414743787818,117.71850648915496
12.088257536,1.0013745397079739,117.56890910614834
12.09124864,1.001248657236102,117.42048110156819
12.094240768,1.0010445034893998,117.27445551529186
12.097232896,1.0007749264576253,117.13181362283213
12.100224,1.0004565219218273,116.99339972307328
12.103216128,1.0001091414043721,116.85978013660988
12.106208256,0.9997543335578016,116.73124161819219
12.10919936,0.9994144862177918,116.60773148267562
12.112191488,0.9991108663937127,116.48889910053143
12.115183616,0.9988625667055379,116.37408132688758
12.11817472,0.9986853087129652,116.26236405713584
12.121166848,0.9985904130687744,116.15267282347764
12.124158976,0.9985838969433944,116.04370136222236
12.12715008,0.9986663680667175,115.93422146777266
12.130142208,0.998832820970799,115.82297998354602
12.133134336,0.9990730384821543,115.70877499259345
12.13612544,0.9993720242207978,115.59070306385826
12.139117568,0.999711089707329,115.46804589207521
12.142109696,1.0000689780846557,115.34033445248117
12.1451008,1.0004234643212986,115.20750560477752
12.148092928,1.0007523487306988,115.06974093039217
12.151084032,1.0010349276646817,114.92756388332205
12.15407616,1.0012535281489243,114.78176301950671
12.157068288,1.0013942555263478,114.6333889954061
12.160059392,1.0014484091517766,114.48358191852515
12.16305152,1.0014121880443423,114.33363333801682
12.166043648,1.0012879384393307,114.18485516030154
12.169034752,1.001083081351972,114.03839798047478
12.17202688,1.0008101646412042,113.89539165232118
12.175019008,1.000486278709833,113.75666816701121
12.178010112,1.0001315637166261,113.62283165329627
12.18100224,0.9997679294395495,113.49422020389316
12.183994368,0.9994183404413035,113.3707424078123
12.186985472,0.9991046884918411,113.25208314241439
12.1899776,0.998846776488617,113.1375860703784
12.192969728,0.9986606853348,113.02632956571601
12.195960832,0.9985585517324065,112.91717689342637
12.19895296,0.9985468719256398,112.80889198595743
12.201945088,0.9986264465243538,112.70013695925954
12.204936192,0.9987925122961367,112.58962849237545
12.20792832,0.9990348704194807,112.47618996993329
12.210920448,0.9993382881317455,112.35882432070667
12.213911552,0.9996840111607852,112.23675446517846
12.21690368,1.0000504228049156,112.10956293304808
12.219894784,1.0004144062389935,111.97710779028785
12.222886912,1.0007534736668275,111.83957471725361
12.22587904,1.0010461383910698,111.69749316689489
12.228870144,1.0012741321155776,111.55164153304499
12.231862272,1.001423199153777,111.40308077235935
12.2348544,1.0014836466538002,111.25299524928045
12.237845504,1.001451625691116,111.10269334288158
12.240837632,1.0013290418275644,110.9534900532729
12.24382976,1.0011232696970047,110.80663119043263
12.246820864,1.0008469988763324,110.66323294455307
12.249812992,1.0005172626038146,110.52420946709658
12.25280512,1.0001548164479614,110.39015166671257
12.255796224,0.9997819581440397,110.26142190682847
12.258788352,0.9994221558950933,110.13798784295263
12.26178048,0.9990980602606009,110.01953536074049
12.264771584,0.9988299410441878,109.90538179851092
12.267763712,0.9986348207897069,109.79460870685836
12.27075584,0.9985251949252403,109.68608286236542
12.273746944,0.9985079756968528,109.57848340873728
12.276739072,0.9985845193416066,109.47051550146874
12.2797312,0.9987502035823695,109.36079905648842
12.282722304,0.998994787498136,109.24814046987056
12.285714432,0.9993030846221203,109.13147824196359
12.28870656,0.999655871462104,109.0100752094568
12.291697664,1.0000309583589768,108.88342831198386
12.294689792,1.0004051231263733,108.75136410437078
12.297680896,1.0007547956621266,108.61406688165869
12.300673024,1.0010581120828754,108.47209697877013
12.303665152,1.0012960109140927,108.32619371582015
12.306656256,1.0014535176463064,108.17744368416739
12.309648384,1.0015206638176206,108.02705327589328
12.312640512,1.0014931071260762,107.87636969471635
12.315631616,1.0013721995423137,107.72674839996385
12.318623744,1.0011654934555574,107.57945827969674
12.321615872,1.0008857096633572,107.4356651983963
12.324606976,1.0005499666051887,107.29631124370208
12.327599104,1.000179240040587,107.16204066503107
12.330591232,0.9997967230343487,107.03321900951345
12.333582336,0.9994262742261886,106.9098397444093
12.336574464,0.9990911493552144,106.79158701909039
12.339566592,0.9988123115551073,106.6777975226615
12.342557696,0.9986077312335432,106.56754029132647
12.345549824,0.9984901757161895,106.45964900762046
12.348541952,0.9984672665627249,106.35280982700483
12.351533056,0.9985407425133214,106.24563090357195
12.354525184,0.9987058876559138,106.1367462689124
12.357517312,0.9989530155664487,106.02489932166084
12.360508416,0.999266288148479,105.90904170468505
12.363500544,0.9996263856590372,105.7883109438091
12.366491648,1.0000107974315593,105.66220536185273
12.369483776,1.0003954920601492,105.5305671559048
12.372475904,1.0007563393933407,105.39355428617132
12.375467008,1.0010707999870545,105.25165707137364
12.378459136,1.0013191762612854,105.10571780420375
12.381451264,1.0014855895923154,104.95676377047823
12.384442368,1.001559755550717,104.80607231409692
12.387434496,1.0015367592556688,104.65499300802028
12.390426624,1.001417759142586,104.50492282489137
12.393417728,1.0012100088826306,104.35719546055014
12.396409856,1.0009263131782788,104.21298700433336
12.399401984,1.0005841414255765,104.07327586636201
12.402393088,1.0002048404704347,103.9387787239076
12.405385216,0.9998121420075414,103.8098316759467
12.408377344,0.9994304366344353,103.68652694466998
12.411368448,0.9990837139064347,103.56849126484923
12.414360576,0.9987938223344026,103.45509315622306
12.417352704,0.9985791498544512,103.34536398294217
12.420343808,0.9984532815333672,103.23816432121772
12.423335936,0.998424368826967,103.13209720567588
12.426328064,0.9984945115348184,103.02578423510347
12.429319168,0.9986594266162732,102.91778195129723
12.432311296,0.9989089218191519,102.80680339653907
12.435303424,0.9992275790972454,102.6917538778276
12.438294528,0.9995954739562678,102.57172997011179
12.441286656,0.9999895711507056,102.44622560391547
12.44427776,1.0003853862213836,102.31502123905722
12.447269888,1.0007580982777786,102.17826353078043
12.450262016,1.001084229772334,102.03647645984162
12.45325312,1.0013433753954768,101.89047501081512
12.456245248,1.0015193190453897,101.74132611468205
12.459237376,1.0016007682178387,101.590287360655
12.46222848,1.0015824421010766,101.43880770908532
12.465220608,1.0014654118171913,101.288279374245
12.468212736,1.0012565809203993,101.14006570897448
12.47120384,1.000968764126264,100.99543657969662
12.474195968,1.0006198934472752,100.85536268988811
12.477188096,1.0002315477381825,100.72061908228135
12.4801792,0.9998280106762643,100.59157415227011
12.483171328,0.9994343801031869,100.4683269171967
12.486163456,0.9990755633096141,100.35052472162566
12.48915456,0.9987739119864781,100.23752700665842
12.492146688,0.9985486948918578,100.12839437374433
12.495138816,0.9984141904212263,100.02190243424266
12.49812992,0.9983790452589021,99.91665458144148
12.501122048,0.9984457814200262,99.81123083620491
12.504114176,0.9986102560218179,99.70414615379833
12.50710528,0.9988624452463897,99.59408874384714
12.510097408,0.9991868070666112,99.47986204230845
12.513088512,0.999562968691501,99.36060210356167
12.51608064,0.999967417161558,99.23570490661733
12.519072768,1.000375015801377,99.10494697783412
12.522063872,1.0007600620866353,98.9684970567993
12.525056,1.0010985140709392,98.82680837680503
12.528048128,1.001369261268313,98.68073578330213
12.531039232,1.001555042193455,98.53135032644856
12.53403136,1.0016441785666537,98.37998454985106
12.537023488,1.0016308312139164,98.22805722121123
12.540014592,1.001515680345085,98.07702427476039
12.54300672,1.0013056674936742,97.92833218747171
12.545998848,1.0010136266418022,97.78321525631814
12.548989952,1.0006575945604685,97.64276569854208
12.55198208,1.000259607316707,97.50775994475651
12.554974208,0.9998446442130959,97.37860928584463
12.557965312,0.999438553022574,97.2554161406933
12.56095744,0.9990668456601509,97.13785930877842
12.563949568,0.9987528031926121,97.02530881746634
12.566940672,0.9985165069851987,96.91676899609331
12.5699328,0.9983728985962148,96.81101566369553
12.572924928,0.9983312387966228,96.70663913066686
12.575916032,0.9983942842886807,96.60215882190363
12.57890816,0.9985584873420458,96.49605703700061
12.581899264,0.9988135852003549,96.38693032355107
12.584891392,0.999143854393956,96.27361383685967
12.58788352,0.9995287685699729,96.15512818697714
12.590874624,0.9999440735167974,96.03087889972295
12.593866752,1.000364082840721,95.90059638394354
12.59685888,1.000762384937574,95.7644266519695
12.599849984,1.0011138428169746,95.62285283264619
12.602842112,1.0013967196949696,95.47668803301283
12.60583424,1.0015929304916982,95.32706279004422
12.608825344,1.001690186291337,95.17532434580414
12.611817472,1.0016820924568874,95.02291255700895
12.6148096,1.0015688760871304,94.8713513626855
12.617800704,1.0013575840481035,94.7221162824683
12.620792832,1.0010608493418969,94.57651539894216
12.62378496,1.0006972607783333,94.4356650157939
12.626776064,1.000289230216834,94.30037317804212
12.629768192,0.9998621225941994,94.17109891586142
12.63276032,0.9994427321424046,94.04795879008401
12.635751424,0.999057442108714,93.93067608208435
12.638743552,0.9987304094653792,93.81854946334491
12.64173568,0.9984823582610376,93.71064569202085
12.644726784,0.9983291030671987,93.60567855713111
12.647718912,0.9982804437542877,93.50221576275094
12.65071104,0.9983398170095837,93.39873027691532
12.653702144,0.9985037434954536,93.29363078610498
12.656694272,0.9987619877923729,93.1855327671433
12.659685376,0.9990986167751831,93.07313631022137
12.662677504,0.999492819926962,92.95547093418209
12.665669632,0.9999197661407748,92.83189683447375
12.668660736,1.0003528845914618,92.70210383895277
12.671652864,1.0007649750280139,92.56622740564495
12.674644992,1.0011303687710047,92.42474561218836
12.677636096,1.0014259315597869,92.27849255610647
12.680628224,1.0016331348686225,92.12859109533457
12.683620352,1.0017390403945545,91.97644188365946
12.686611456,1.0017364654150815,91.82352187523702
12.689603584,1.0016253927472776,91.67139936913698
12.692595712,1.0014125207125504,91.52158953456522
12.695586816,1.0011109914148744,91.37543539294855
12.698578944,1.0007391455165395,91.23415139075898
12.701571072,1.0003203536474388,91.09854332450574
12.704562176,0.999880417397545,90.96914919283135
12.707554304,0.9994470540635243,90.84606258278465
12.710546432,0.9990472688992914,90.7290367771682
12.713537536,0.9987063848399893,90.617389221506
12.716529664,0.9984459862022388,90.51014383563376
12.719521792,0.9982824622033429,90.40600700453464
12.722512896,0.9982265804507048,90.30349949286992
12.725505024,0.99828202054056,90.20102697504926
12.728496128,0.9984455717126243,90.09703085730423
12.731488256,0.998707190546639,89.98997352924351
12.734480384,0.9990507159114667,89.87854932222318
12.737471488,0.9994547342287678,89.76175812862935
12.740463616,0.9998940365120975,89.63886303510081
12.743455744,1.0003411027357265,89.50959405086486
12.746446848,1.0007679514158856,89.37401227884449
12.749438976,1.0011478961193174,89.23260928339542
12.752431104,1.0014571347043586,89.08623570152943
12.755422208,1.0016760452242317,88.93604694971523
12.758414336,1.0017907896762883,88.78345276842288
12.761406464,1.0017940252264452,88.62995714924128
12.764397568,1.0016850833354765,88.47722589691243
12.767389696,1.0014706804282962,88.32679383523195
12.770381824,1.0011638771002203,88.18008060125098
12.773372928,1.000783453963466,88.03831045328877
12.776365056,1.0003530507065659,87.90237262935256
12.779357184,0.9998995316343684,87.77281326657146
12.782348288,0.9994511426262493,87.64977581039608
12.785340416,0.9990361510579884,87.53301535717307
12.788332544,0.9986805600570079,87.42185597235107
12.791323648,0.9984069521979444,87.31529525957527
12.794315776,0.9982327216502672,87.21202290043409
12.797307904,0.9981691819376112,87.11052228115611
12.800299008,0.998220487131532,87.00916230277507
12.803291136,0.9983837519695545,86.90627216738994
12.80628224,0.9986490053032372,86.80032007271465
12.809274368,0.9989999364055742,86.68992932060132
12.812266496,0.9994144502058467,86.57402084149902
12.8152576,0.999866845541097,86.45186189872945
12.818249728,1.0003287962495397,86.32310267525848
12.821241856,1.0007713574682269,86.187840027135
12.82423296,1.0011669155109157,86.04650770595998
12.827225088,1.001490579579738,85.8999886635916
12.830217216,1.0017218644883588,85.7494748147864
12.83320832,1.001846182664187,85.5963622589783
12.836200448,1.0018554065197196,85.44227979014563
12.839192576,1.0017488032043649,85.288858519267
12.84218368,1.0015326684006522,85.13774286059115
12.845175808,1.001220135430792,84.9904127205663
12.848167936,1.0008304427091828,84.84811796515527
12.85115904,1.0003878329470894,84.71179224261243
12.854151168,0.9999197203909324,84.58205686517393
12.857143296,0.9994555257005016,84.45907105728618
12.8601344,0.9990240864567075,84.34259405795136
12.863126528,0.9986529605854866,84.23194189343816
12.866118656,0.9983652878720383,84.12610122069104
12.86910976,0.9981796289185547,84.02373742855849
12.872101888,0.9981079047370973,83.92328817829774
12.875092992,0.9981548640872211,83.823065157663
12.87808512,0.9983179588988602,83.72135589448635
12.881077248,0.9985871464538381,83.61655788707864
12.884068352,0.9989458832118612,83.50724675099704
12.88706048,0.9993716715859435,83.39228273921019
12.890052608,0.9998381092486768,83.27087531850664
12.893043712,1.0003159585118693,83.14264770245907
12.89603584,1.0007753341251977,83.00767180751032
12.899027968,1.0011874162063994,82.86640935028771
12.902019072,1.0015263583100442,82.71972973526084
12.9050112,1.0017707585870055,82.56882542500882
12.908003328,1.0019052546598768,82.41516173076202
12.910994432,1.0019209022343882,82.2604155056096
12.91398656,1.001816721389244,82.1062656005027
12.916978688,1.001598639789548,81.95438910273386
12.919969792,1.0012799763773161,81.80637516418659
12.92296192,1.0008803395463164,81.66349386444331
12.925954048,1.0004245657841742,81.52677286267361
12.928945152,0.9999409169284609,81.3968196961874
12.93193728,0.9994596340407649,81.27385905943763
12.934929408,0.9990108944147131,81.15764734794409
12.937920512,0.9986229322496755,81.0475253354128
12.94091264,0.9983204435224182,80.94244622566906
12.943904768,0.9981226227358333,80.8410221550245
12.946895872,0.9980421647113557,80.74169440575947
12.949888,0.9980845949712033,80.6426744694481
12.952879104,0.9982475248607493,80.54220895871896
12.955871232,0.9985210249106715,80.43863506408346
12.95886336,0.9988881624543237,80.33044077237724
12.961854464,0.9993261237196869,80.2164498342367
12.964846592,0.9998075350141707,80.09582867080856
12.96783872,1.000302360239882,79.96815864319639
12.970829824,1.0007797800710778,79.83346710141063
12.973821952,1.0012095376571133,79.69222988891066
12.97681408,1.0015648858985482,79.54534377691263
12.979805184,1.001823394059939,79.39399546688402
12.982797312,1.001968675275541,79.23973936999043
12.98578944,1.001991227014213,79.08424070071115
12.988780544,1.0018893629433088,78.92928294775083
12.991772672,1.0016690953688199,78.77659096655321
12.9947648,1.0013438617795145,78.62780167412033
12.997755904,1.0009336427338043,78.48430195107436
13.000748032,1.000463700299249,78.34709839916427
13.00374016,0.9999633793592305,78.21692626703252
13.006731264,0.9994637728866713,78.09396078778126
13.009723392,0.9989963810118315,77.97802683348358
13.01271552,0.9985906614985922,77.86845318174664
13.015706624,0.9982721690977708,77.76414508800248
13.018698752,0.998061269331819,77.66373979880633
13.021689856,0.9979716553618366,77.56556714538547
13.024681984,0.9980092454104318,77.46781419721783
13.027674112,0.9981720341198377,77.36867473240802
13.030665216,0.9984501613657448,77.26636152426889
13.033657344,0.9988263696130294,77.15936081954491
13.036649472,0.9992774115066196,77.04637689001375
13.039640576,0.9997750160522217,76.9265543072452
13.042632704,1.0002882280036987,76.7994401432195
13.045624832,1.00078467612896,76.66504210589679
13.048615936,1.0012335813183941,76.52383065816687
13.051608064,1.0016064804168616,76.37667127751176
13.054600192,1.0018800371415242,76.22484552199286
13.057591296,1.0020367877891463,76.06988357340497
13.060583424,1.0020666606990927,75.91356944108163
13.063575552,1.0019673768914696,75.75770304743855
13.066566656,1.0017447889374655,75.60411374152342
13.069558784,1.0014124648419012,75.45448922408404
13.072550912,1.0009906232729913,75.31026303822156
13.075542016,1.0005054472981003,75.17255864594809
13.078534144,0.9999871138275302,75.04207872661433
13.081526272,0.9994679205554833,74.91911894742034
13.084517376,0.9989805538859703,74.80344201107482
13.087509504,0.998555558677225,74.69441024593719
13.090501632,0.9982199996022953,74.59095060529128
13.093492736,0.9979951856732917,74.49158491891838
13.096484864,0.9978956377666476,74.39463501431773
13.099475968,0.9979281121085292,74.29822053371555
13.102468096,0.9980908698397324,74.20046018235298
13.105460224,0.9983740075916119,74.09950377193401
13.108451328,0.9987600761730568,73.99373052281534
13.111443456,0.9992251909901316,73.88181795708434
13.114435584,0.9997402998759227,73.7628251578403
13.117426688,1.0002730967674978,73.63628999225692
13.120418816,1.000790378553693,73.50216180036587
13.123410944,1.0012596948612413,73.36090689723167
13.126402048,1.0016515385537483,73.21344565256068
13.129394176,1.001941176386181,73.06104357649099
13.132386304,1.0021102829962147,72.90533912057337
13.135377408,1.0021479826986455,72.74809123153742
13.138369536,1.002051360066362,72.59121125945019
13.141361664,1.001826201346528,72.43663037409499
13.144352768,1.0014859732596777,72.28606645817126
13.147344896,1.0010517109433263,72.14103003932051
13.150337024,1.0005501175137042,72.00274695686933
13.153328128,1.000012348355283,71.87192842215535
13.156320256,0.9994720527343514,71.74891516880764
13.159312384,0.9989630225543096,71.63351041409682
13.162303488,0.9985173856277026,71.52504405213678
13.165295616,0.9981633633174684,71.4224411969087
13.16828672,0.9979235853931615,71.32419177834433
13.171278848,0.9978134768912686,71.22853177063998
13.174270976,0.9978404839320959,71.13353197367638
13.17726208,0.9980032302809315,71.03721880156527
13.180254208,0.9982919581153425,70.93767893578092
13.183246336,0.9986887557869648,70.83319759725728
13.18623744,0.9991691331966802,70.722399382379
13.189229568,0.9997029999469639,70.60427523874209
13.192221696,1.0002571733758876,70.47830673050127
13.1952128,1.0007968973908712,70.34442798570201
13.198204928,1.0012882316586262,70.20312065935717
13.201197056,1.0017004464156343,70.05528335621025
13.20418816,1.0020074541885118,69.90223821067505
13.207180288,1.00218988510815,69.7456487544799
13.210172416,1.0022358896226493,69.58736676764124
13.21316352,1.002142084970854,69.42938351237355
13.216155648,1.0019140585225195,69.27367050271147
13.219147776,1.0015654021026523,69.12205844418928
13.22213888,1.0011175836683033,68.97613898878286
13.225131008,1.0005980894954198,68.83715124639252
13.228123136,1.0000392849330617,68.70596071008433
13.23111424,0.999476045464922,68.58285935506095
13.234106368,0.9989436893775283,68.46770461288378
13.237097472,0.9984757181799785,68.35983664562063
13.2400896,0.9981017578725585,68.2581040292568
13.243081728,0.9978458668331769,68.16101824791902
13.246072832,0.9977243079367301,68.0667148755394
13.24906496,0.9977454775595999,67.97321248637745
13.252057088,0.9979083052245483,67.87842925220222
13.255048192,0.9982030853628703,67.78038338691118
13.25804032,0.9986115737284902,67.6772767900807
13.261032448,0.9991086047538936,67.56763385752767
13.264023552,0.999663015898514,67.45040672022054
13.26701568,1.0002401906370575,67.32500370242161
13.270007808,1.0008041193090178,67.19138105942248
13.272998912,1.0013194833792558,67.04995174771362
13.27599104,1.001753759935203,66.90165064512586
13.278983168,1.0020795721784224,66.7478702622247
13.281974272,1.0022763965953498,66.59028040621982
13.2849664,1.002331314884365,66.43085136794892
13.287958528,1.0022405861499941,66.27159481816891
13.290949632,1.0020092622035364,66.11462992538802
13.29394176,1.0016514136399572,65.9618356614675
13.296933888,1.0011887501725174,65.8149120610268
13.299924992,1.0006498800998609,65.67515786176702
13.30291712,1.0000682598879056,65.54348322323082
13.305909248,0.9994801387711635,65.4202539060899
13.308900352,0.9989223368584084,65.30534359936757
13.31189248,0.998430117900937,65.19804650585245
13.314883584,0.9980345326322854,65.09726528325521
13.317875712,0.9977611398841213,65.00139371941877
13.32086784,0.9976273433637753,64.90853315494287
13.323858944,0.9976420860413489,64.81660209426195
13.326851072,0.9978050555972359,64.72344917946565
13.3298432,0.998106514426447,64.62697769387376
13.332834304,0.9985278543537168,64.5253083763236
13.335826432,0.9990428483054256,64.416886695659
13.33881856,0.9996196314669333,64.30059421896979
13.341809664,1.0002220972857132,64.17576018613167
13.344801792,1.0008124396278772,64.04233204749613
13.34779392,1.0013537330011608,63.90071709211476
13.350785024,1.0018119836818518,63.751890871121
13.353777152,1.0021583065685529,63.597235420403535
13.35676928,1.0023706420187615,63.4385370532101
13.359760384,1.0024354010514773,63.27776839172317
13.362752512,1.0023478238516177,63.117117221645366
13.36574464,1.0021129733051548,62.958713803929015
13.368735744,1.0017448986287982,62.80459564195546
13.371727872,1.0012660595792076,62.65651816112969
13.37472,1.0007059911303486,62.515882589141576
13.377711104,1.0000994148041307,62.38365675210087
13.380703232,0.9994840079481009,62.26023516681032
13.383694336,0.9988986721268562,62.14552101092107
13.386686464,0.9983799158060732,62.03883422144992
13.389678592,0.997960913685464,61.939023607628506
13.392669696,0.9976682668336503,61.84443104711228
13.395661824,0.9975210506898862,61.75309551666263
13.398653952,0.9975290528560741,61.66283957925599
13.401645056,0.9976923074455248,61.57141249792817
13.404637184,0.998001123428881,61.47661629038735
13.407629312,0.9984364392922211,61.37645334977772
13.410620416,0.9989713552846944,61.269304237718465
13.413612544,0.999572535268147,61.1539583904408
13.416604672,1.0002024486567151,61.02971741220885
13.419595776,1.0008216679529978,60.896446190273394
13.422587904,1.0013915128713098,60.754599771298544
13.425580032,1.0018759683178413,60.60511472420914
13.428571136,1.0022445450404593,60.4494651613765
13.431563264,1.0024738587869562,60.28947055999335
13.434555392,1.0025491017434656,60.12721240669205
13.437546496,1.002464991128474,59.96494772814289
13.440538624,1.0022261717393783,59.80492646237239
13.443530752,1.001846910070256,59.649305598818884
13.446521856,1.0013502929367792,59.49991924132223
13.449513984,1.000766983079079,59.35825610426186
13.452506112,1.0001330054737552,59.22536058438575
13.455497216,0.999487783953072,59.10169379752774
13.458489344,0.9988720250897889,58.98715287669488
13.461480448,0.9983243779344704,58.881082784215224
13.464472576,0.9978796330358238,58.78227695984232
13.467464704,0.997566130138045,58.689031612528
13.470455808,0.9974043076368235,58.59930179521208
13.473447936,0.9974048505019968,58.51084192466502
13.476440064,0.9975684600765237,58.42124002133569
13.479431168,0.9978852812071756,58.32821362638052
13.482423296,0.9983360995409658,58.22967896179675
13.485415424,0.9988929090745673,58.12387719150161
13.488406528,0.9995209325161898,58.009498834905656
13.491398656,1.0001810835215394,57.88582776223714
13.494390784,1.0008321176701307,57.752665211309576
13.497381888,1.0014331126511342,57.61047284113067
13.500374016,1.0019463626814378,57.46022756073031
13.503366144,1.0023393660254702,57.3034006476264
13.506357248,1.0025873276285768,57.141919591554895
13.509349376,1.002674128272642,56.97796396514595
13.512341504,1.002593692398791,56.813878753940536
13.515332608,1.0023504324625256,56.65203778678221
13.518324736,1.0019588092159228,56.49468429705705
13.521316864,1.0014426753266765,56.3438001234797
13.524307968,1.0008336426855997,56.20094922048461
13.527300096,1.0001695304734683,56.06726640544954
13.5302912,0.9994916205813658,55.94325622412622
13.533283328,0.9988424300446853,55.828850092232166
13.536275456,0.9982628466311808,55.72338418722517
13.53926656,0.9977896834540073,55.62560567782714
13.542258688,0.9974533321129301,55.5337960984339
13.545250816,0.997275329011002,55.44578582111359
13.54824192,0.9972677507275397,55.35920903305953
13.551234048,0.9974318225070207,55.27158873264901
13.554226176,0.997757678883816,55.18044687475157
13.55721728,0.9982256919878943,55.0836018929403
13.560209408,0.9988065141803558,54.97919740230262
13.563201536,0.9994642251371334,54.86584947980998
13.56619264,1.0001578227407257,54.74272308768436
13.569184768,1.0008438792160241,54.609622387576316
13.572176896,1.0014793571869174,54.46697685717734
13.575168,1.0020243041560362,54.31579658367106
13.578160128,1.0024443831949688,54.15760841861613
13.581152256,1.0027128177485476,53.99443149731932
13.58414336,1.002812295742103,53.82850678305788
13.587135488,1.0027359761057704,53.662349087982705
13.590127616,1.0024877598168742,53.498406132452224
13.59311872,1.0020823976857813,53.33908805731479
13.596110848,1.0015444950530827,53.18645454672224
13.599102976,1.0009070841788867,53.04223377604975
13.60209408,1.0002094954610397,52.907584647959574
13.605086208,0.9994952964450061,52.78312909091258
13.608077312,0.9988091058203372,52.66880394800782
13.61106944,0.9981942634786855,52.56394917858135
13.614061568,0.9976896926204446,52.46726689660976
13.617052672,0.9973278765415207,52.37694272123605
13.6200448,0.9971321424375658,52.29077867455477
13.623036928,0.997115703258101,52.20622922199178
13.626028032,0.9972802334832988,52.12069144619898
13.62902016,0.9976162227017097,52.03156802228697
13.632012288,0.9981030878504799,51.93653158538426
13.635003392,0.9987107197721359,51.83361356947749
13.63799552,0.9994015042429211,51.72129990697315
13.640987648,1.0001321014270703,51.59870646455919
13.643978752,1.0008570978805265,51.465591856963066
13.64697088,1.0015308387484663,51.32236840043683
13.649963008,1.0021109963901176,51.17006482393843
13.652954112,1.0025609731956622,51.01031512492126
13.65594624,1.0028521899617306,50.8451325619835
13.658938368,1.0029657653438588,50.676961639999675
13.661929472,1.0028938088938648,50.50838579348139
13.6649216,1.002640051700797,50.34204072616553
13.667913728,1.0022193212780428,50.18043578522102
13.670904832,1.0016572659669045,50.02580407847887
13.67389696,1.00098824386693,49.879956465969805
13.676888064,1.000253491909071,49.744177477306664
13.679880192,0.9994988196412948,49.619128265652556
13.68287232,0.9987715091870294,49.5048141313595
13.685863424,0.9981173071885299,49.40054090322199
13.688855552,0.9975778738461114,49.30497935161013
13.69184768,0.9971877192684963,49.216256576066606
13.694838784,0.9969721897359157,49.13203464484817
13.697830912,0.9969457359885201,49.04966068906978
13.70082304,0.9971109006964652,48.96636446426323
13.703814144,0.9974581479938418,48.87942661035087
13.706806272,0.9979662056891344,48.7863176209725
13.7097984,0.9986038453074972,48.684953107322144
13.712789504,0.9993314050989595,48.573707380321615
13.715781632,1.0001035268714804,48.451623665272905
13.71877376,1.0008718892141704,48.3183926960553
13.721764864,1.001588264390309,48.174432161758794
13.724756992,1.0022078151845741,48.020786427678956
13.72774912,1.0026912246569895,47.859150185811465
13.730740224,1.003007792478599,47.691672390538265
13.733732352,1.003137018974914,47.520874554767886
13.73672448,1.0030700620123318,47.349528404306746
13.739715584,1.002810049997128,47.180380787549026
13.742707712,1.002372200993217,47.016137736915375
13.745698816,1.001783131358031,46.85915493818012
13.748690944,1.0010785640674762,46.71140699370272
13.751683072,1.0003022207904073,46.57425614908875
13.754674176,0.9995022123272949,46.44845865037227
13.757666304,0.9987286577057037,46.33404066672414
13.760658432,0.9980304244077787,46.23032189297452
13.763649536,0.9974517802494646,46.13592559573021
13.766641664,0.9970298522319794,46.048911555758444
13.769633792,0.9967920852921299,45.966760970180054
13.772624896,0.9967545145451959,45.886728832418314
13.775617024,0.9969203759631396,45.805851878942036
13.778609152,0.9972801916968855,45.72123969271513
13.781600256,0.9978121425351475,45.630200413553275
13.784592384,0.9984834322403146,45.530496838154
13.787584512,0.9992524272670641,45.4203570982025
13.790575616,1.0000710627023952,45.2987147244767
13.793567744,1.0008883030957325,45.16526489732635
13.796559872,1.0016528347288014,45.020350000470565
13.799550976,1.0023164968263079,44.865093613248945
13.802543104,1.0028376237841665,44.70123764798332
13.805535232,1.0031827558082074,44.53104094895878
13.808526336,1.0033297181014034,44.3571892097445
13.811518464,1.0032682359233251,44.18258933176484
13.814510592,1.003001214101845,44.010206052623694
13.817501696,1.002544213563977,43.84286219204266
13.820493824,1.0019245107750596,43.68314464819119
13.823484928,1.0011800890592129,43.53309646540239
13.826477056,1.000356713784822,43.394298210635455
13.829469184,0.9995054880140976,43.26753096850872
13.832460288,0.9986799028420162,43.152898659301556
13.835452416,0.9979318806196885,43.04968400496976
13.838444544,0.9973088878365556,42.956494778034426
13.841435648,0.9968510584491883,42.871234493239484
13.844427776,0.9965881583905352,42.79134883376721
13.847419904,0.9965378929670959,42.71384299977033
13.850411008,0.9967045317282582,42.63557889831861
13.853403136,0.99707863165282,42.55349138582054
13.856395264,0.9976374842474258,42.464682039570015
13.859386368,0.9983469013884784,42.3666959080691
13.862378496,0.9991627654308319,42.257680371762994
13.865370624,1.0000341807067326,42.13645040268556
13.868361728,1.0009067545728987,42.00259837626937
13.871353856,1.0017257068889176,41.856494592275865
13.874345984,1.002439625934455,41.69927307439297
13.877337088,1.0030033846865358,41.53278124860399
13.880329216,1.0033809984550313,41.35938400029174
13.883321344,1.0035480875505607,41.18193763604453
13.886312448,1.0034929996092612,41.003531141927155
13.889304576,1.0032180245596711,40.827308801953244
13.89229568,1.0027390837076857,40.65633373724905
13.895287808,1.0020847616355986,40.49333766071831
13.898279936,1.0012949301483014,40.340584470888764
13.90127104,1.0004181679159199,40.199743553658614
13.904263168,0.9995088559727402,40.07173232247109
13.907255296,0.9986238656894224,39.956683531993676
13.9102464,0.9978189878227506,39.85391440675337
13.913238528,0.9971455709554273,39.761948576599956
13.916230656,0.9966467765414135,39.678590469822964
13.91922176,0.996355131423771,39.60111654167043
13.922213888,0.9962903176691761,39.52633304135432
13.925206016,0.9964576699245874,39.45092321906555
13.92819712,0.9968480352704802,39.37155791297983
13.931189248,0.9974376217421576,39.28514433366442
13.934181376,0.9981904318961168,39.18899445517313
13.93717248,0.9990597052753692,39.08113245798788
13.940164608,0.9999913803480973,38.96020137493413
13.943156736,1.0009271787159957,38.82576643391442
13.94614784,1.0018084358105728,38.6781489308736
13.949139968,1.0025797613228673,38.51853661804208
13.952132096,1.0031923810886774,38.348862171302905
13.9551232,1.003607303432798,38.171671159834126
13.958115328,1.0037974690944498,37.989949999741306
13.961107456,1.003749722062239,37.80703211627496
13.96409856,1.0034658258375466,37.62626205318183
13.967090688,1.0029618406206187,37.450937062196104
13.970081792,1.0022679698285624,37.28401898047585
13.97307392,1.0014262343787415,37.12797932888112
13.976066048,1.0004881295010062,36.98463124293581
13.979057152,0.9995120741796949,36.85504908263299
13.98204928,0.9985589319204773,36.73934567618856
13.985041408,0.997688828862386,36.636916279713894
13.988032512,0.9969572415857417,36.546167381870326
13.99102464,0.9964110725181975,36.46482070793926
13.994016768,0.9960861650414526,36.38993515252004
13.997007872,0.9960045107464301,36.318141255017025
14.0,0.996172593435888,36.245830736113064
